N0002	00 01 36.39	+00 14 09.4	10.43	 1.517	239.20	  167.5	    17.3
N0003	00 20 23.46	+00 40 34.5	11.20	 0.611	256.60	  296.0	    90.4
N0004	00 01 42.39	+05 50 40.1	11.21	 0.551	211.30	 -137.2	  -101.0
N0005	00 12 01.26	+06 31 22.6	10.96	 0.727	232.90	   26.7	  -137.5
N0006	00 45 05.10	+00 36 30.4	10.88	 1.225	264.90	  228.1	  -224.1
N0007	00 36 58.64	+02 53 03.3	11.89	 0.043	318.60	  -98.0	    17.2
N0008	00 40 29.21	+02 45 55.7	11.07	 0.719	207.80	  209.8	    77.4
N0009	00 59 02.27	+02 39 54.9	10.94	 1.146	226.00	  444.2	   169.0
N0010	00 32 23.83	+06 33 15.7	11.38	 0.343	265.80	  255.5	   160.4
N0011	00 48 52.87	+06 04 23.2	11.56	 0.660	230.40	  273.7	   149.6
N0012	00 53 16.89	+07 00 38.0	11.72	 0.887	349.00	  358.2	   264.7
N0013	00 52 59.72	+05 09 04.3	11.24	 0.456	220.30	  142.8	    45.8
N0014	01 21 30.62	+00 14 59.1	11.05	 1.048	422.90	  387.4	   240.5
N0015	01 11 24.62	+03 06 37.5	11.49	 0.313	210.40	 -263.3	  -199.2
N0016	01 19 16.10	+04 02 57.6	10.70	 1.059	222.60	  -57.5	  -128.2
N0017	01 06 23.38	+05 27 34.4	11.66	 0.437	304.70	  179.7	  -171.0
N0018	01 22 58.30	+05 28 22.7	11.15	 0.572	213.50	   46.0	   -54.6
N0019	01 31 22.74	+01 43 15.1	11.58	 0.460	226.70	  172.9	  -147.9
N0020	01 31 47.70	+00 38 33.6	11.52	 0.413	417.40	 -232.6	   -42.5
N0021	01 44 54.42	+00 44 53.7	10.96	 0.966	237.20	 -353.7	  -277.1
N0022	01 38 19.95	+06 27 14.0	11.19	 0.813	335.60	 -425.0	     1.2
N0023	01 49 30.77	+07 07 42.7	11.01	 0.609	220.60	  -14.4	  -143.0
N0024	02 01 19.85	+01 13 11.7	12.24	 0.160	517.40	  727.3	    46.5
N0025	02 10 07.44	+02 12 24.6	10.89	 0.660	222.80	  189.7	   160.8
N0026	02 19 52.69	+02 08 05.1	11.59	 0.358	225.20	   80.3	    21.5
N0027	02 11 52.61	+03 36 17.7	11.41	 0.550	207.70	  477.0	   103.9
N0028	03 24 33.62	+01 20 56.7	11.04	 0.727	200.30	  -96.8	   -16.5
N0029	03 12 36.43	+03 18 35.6	11.03	 1.041	202.10	   31.8	    14.0
N0030	03 01 29.28	+07 10 27.7	11.33	 0.841	202.20	  196.1	  -296.2
N0031	04 14 38.90	+02 20 14.2	10.71	 0.375	262.60	 -169.6	   -68.3
N0032	04 18 22.70	+01 23 39.5	11.01	 0.578	213.00	 -146.5	    53.8
N0033	04 22 05.79	+04 25 59.0	10.94	 0.575	223.30	  106.3	  -132.4
N0034	04 36 42.01	+01 33 00.1	11.29	 0.763	306.10	  374.8	   114.1
N0035	04 33 58.28	+00 37 14.6	11.00	 0.535	201.10	    9.2	   -86.5
N0036	04 54 59.59	+00 19 50.0	11.57	 0.167	261.40	 -157.6	  -100.0
N0037	04 55 34.34	+01 22 49.5	10.82	 0.728	276.40	  106.0	    58.1
N0038	04 56 28.26	+02 40 10.5	11.14	 0.409	220.10	 -156.2	    20.4
N0039	04 41 24.79	+05 08 07.2	11.14	 0.688	274.10	  244.3	   167.8
N0040	04 33 04.39	+06 16 37.7	11.26	 0.894	555.90	  728.2	   313.5
N0041	04 43 38.16	+05 37 38.4	11.48	 0.343	242.10	   21.7	   246.1
N0042	04 52 28.46	+06 24 04.0	11.32	 0.512	221.00	   18.3	  -146.1
N0043	05 14 46.13	+00 27 53.6	11.27	 0.553	238.00	  -21.9	   -43.6
N0044	05 15 53.85	+00 28 36.4	11.47	 0.526	247.40	   16.8	  -110.4
N0045	05 16 15.27	+01 21 51.0	11.06	 1.161	283.00	 -326.6	   193.6
N0046	05 26 24.13	+01 03 51.1	10.93	 0.630	240.10	  353.8	  -105.4
N0047	05 11 21.38	+01 53 29.5	10.58	 1.105	231.40	  -79.0	    -9.1
N0048	05 07 38.43	+02 27 55.9	11.09	 0.566	250.70	 -336.0	  -224.0
N0049	05 16 40.94	+02 59 03.2	10.78	 1.373	274.00	  -17.2	   210.1
N0050	05 22 44.41	+02 11 20.7	11.90	-0.102	406.90	 -225.4	   -96.3
N0051	05 24 22.47	+02 01 42.7	10.55	 0.628	294.10	  -68.5	   -35.5
N0052	05 03 10.43	+04 16 18.4	10.62	 0.629	208.50	   61.4	   -32.1
N0053	05 10 06.80	+04 45 31.7	10.92	 0.630	202.70	   65.7	   -30.8
N0054	05 21 05.71	+04 57 53.6	11.47	 0.262	270.80	   91.1	    42.4
N0055	05 19 24.56	+04 10 15.8	11.15	 0.625	292.80	  333.6	    42.4
N0056	05 29 15.74	+03 47 53.1	11.01	 0.593	421.30	   -1.2	    15.2
N0057	05 25 21.95	+04 02 42.0	11.17	 0.817	225.30	  161.1	   117.0
N0058	05 02 21.74	+06 44 14.1	10.86	 0.577	212.90	  212.4	   -18.8
N0059	05 14 24.61	+05 59 23.4	10.53	 1.351	293.20	  153.9	   -27.4
N0060	05 23 08.23	+06 40 00.3	10.55	 1.020	274.80	   41.2	    44.9
N0061	05 30 16.92	+00 18 37.3	11.13	 0.351	201.50	  -58.0	    98.2
N0062	05 30 54.88	+00 17 50.1	11.07	 1.143	208.10	  208.6	    92.5
N0063	05 33 49.56	+01 42 24.9	10.46	 2.244	272.10	 -125.0	    10.8
N0064	05 38 25.70	+05 06 14.8	11.11	 0.543	219.40	  -70.5	   -70.2
N0065	05 44 50.59	+04 44 29.7	10.47	 1.450	275.00	    9.2	   -17.3
N0066	05 33 01.15	+07 11 10.7	11.31	 0.715	261.40	   11.2	   -52.3
N0067	05 33 18.87	+05 49 11.7	11.05	 0.704	214.20	 -121.0	   -67.6
N0068	06 06 22.15	+00 36 10.4	11.50	 0.455	273.90	 -139.9	   100.8
N0069	06 15 52.49	+00 43 49.0	10.93	 0.978	256.30	 -111.0	   -28.6
N0070	06 28 52.38	+01 12 42.3	10.70	 0.573	205.40	  149.3	   -71.1
N0071	06 14 18.68	+02 13 50.5	10.93	 0.490	410.60	   86.7	    -2.7
N0072	06 23 52.70	+03 09 25.8	10.65	 0.694	203.20	  -27.1	    19.7
N0073	06 01 34.12	+05 11 53.9	10.63	 0.837	214.50	  -76.0	   -48.2
N0074	06 28 34.57	+05 29 08.5	11.56	 0.361	285.40	 -263.1	   165.2
N0075	06 04 06.82	+06 18 30.1	12.14	-0.214	291.10	  409.9	   227.9
N0076	06 09 00.33	+06 16 13.5	10.55	 1.328	296.30	  -68.0	   -94.3
N0077	06 09 45.19	+06 48 02.4	11.07	 0.416	225.50	  -67.1	   -94.5
N0078	06 50 51.46	+01 31 34.3	10.73	 0.605	499.20	 -162.6	   320.7
N0079	06 47 38.32	+00 31 18.1	11.05	 0.443	221.40	  -84.8	   534.1
N0080	06 41 18.28	+02 03 16.6	10.75	 0.579	222.60	  -12.7	   -10.0
N0081	06 52 46.49	+01 58 25.6	10.71	 0.401	212.90	 -191.9	    64.2
N0082	06 36 31.31	+05 19 53.1	11.41	 0.053	301.40	  293.1	  -105.9
N0083	06 35 32.46	+04 51 15.3	10.77	 0.527	260.40	  138.0	    34.7
N0084	06 35 54.36	+05 18 48.7	11.41	-0.147	503.70	 -409.9	   103.3
N0085	06 40 12.98	+05 10 43.5	10.32	 0.746	232.50	 -174.3	   -55.0
N0086	06 57 54.32	+04 55 01.8	11.93	 0.575	264.40	 -358.5	   171.4
N0087	06 40 46.66	+07 10 53.0	10.91	 0.419	317.90	  -33.4	  -128.0
N0088	06 42 29.46	+07 02 35.9	10.38	 1.507	229.60	  -84.0	    45.1
N0089	07 11 49.99	+00 51 16.6	11.48	 0.319	236.10	  -40.9	  -121.7
N0090	07 13 21.20	+00 45 36.1	12.12	-0.043	280.00	  355.6	   177.3
N0091	07 11 06.78	+00 16 35.2	11.03	 1.152	226.00	 -288.6	   -97.4
N0092	07 19 41.57	+01 32 10.1	11.11	 0.370	209.80	  196.8	   -57.0
N0093	07 06 52.44	+03 32 56.5	10.49	 1.078	206.30	   82.6	   110.0
N0094	07 14 28.71	+02 44 25.3	11.21	 0.385	218.10	  -52.9	   -27.8
N0095	07 13 36.29	+03 05 43.5	10.58	 1.129	229.70	   96.2	  -164.6
N0096	07 09 20.08	+05 04 35.2	11.34	 0.171	274.10	  162.4	    83.6
N0097	07 26 00.16	+05 35 40.8	11.14	 0.783	215.00	  239.7	   102.9
N0098	07 04 50.97	+07 20 40.0	11.03	 0.810	319.70	  102.9	    89.2
N0099	07 20 27.98	+06 51 31.8	10.63	 0.535	206.50	   -7.1	   -18.5
N0100	07 37 25.43	+00 05 11.1	10.70	 0.527	205.40	 -113.8	  -164.3
N0101	07 56 55.88	+01 21 43.4	10.77	 1.279	206.50	   63.1	    98.8
