TIC period
91961 5.2826248
101462 4.1739815
120016 0.3263708
627436 0.5789058
737546 3.0677452
927579 6.0705574
1003831 1.651149
1045298 1.4634139
1103432 3.7260484
1129033 1.3600996
1129452 0.7140171
1190662 0.8879691
1202347 4.1505025
1220444 7.1620656
1230647 1.1897403
1449640 3.5017948
1450518 0.3337474
1630438 0.3905231
1630690 0.4136605
2020964 2.9423359
2234723 2.462069
2236015 4.1346604
2353789 1.8717
2372579 9.9210976
2595273 2.1129222
2758565 3.7685478
3034524 0.3574713
3311888 4.0010398
3815360 19.5810469
3816260 13.1278709
3921749 5.6112212
4164713 0.2747868
4206238 14.9741075
4247738 1.3022557
4254645 4.0387948
4299830 0.5341187
4629065 11.794327
4723156 9.4901054
4742129 2.0720163
4957914 1.2463608
4971740 0.8677957
5092088 10.125882
5205367 3.9928126
5364915 11.1448055
5506314 8.2539175
5674169 0.3182028
5703872 16.2814462
5868998 0.6356447
5969274 1.0579672
5981829 1.799076
6400274 1.211232
6518047 1.8513319
6667908 14.4434464
7211118 1.4462609
7418947 1.007808
7695666 17.5537009
7724421 0.6405998
7849727 0.993305
7851729 1.2526446
7854182 0.866021
8200343 12.9845622
8245065 0.3280228
8592033 4.3435903
8624617 4.9057067
8669966 3.3944543
8673277 0.4211697
8677671 1.1159766
8766412 2.319333
8769657 0.4264695
8895896 12.8580885
8989778 0.6127979
9033144 14.1451608
9036901 3.4130085
9054370 3.1899595
9058724 3.5605419
9070070 0.4814247
9172417 0.2451915
9209932 3.5225329
9361438 8.6077407
9380768 1.6222184
9381557 11.8221481
9391285 2.7525411
9433212 5.013448
9461737 0.6369756
9473243 2.2669595
9727392 4.5345679
9825731 0.5907443
9845586 0.3601126
9945183 1.5575895
10048801 3.6987295
10057647 16.26353
10393493 0.3604604
10467747 0.3026197
10756751 3.4885322
10838695 2.3061233
10891640 6.1819688
11002748 0.778715
11046410 8.1226211
11070365 0.9020851
11113164 2.8391805
11119600 1.2211942
11286209 1.1909336
11437325 0.5733566
11480287 2.3168078
11480757 0.404167
11487334 0.3840273
11491822 9.9465911
11546041 0.4068856
11561667 3.0876595
11598102 0.4229058
11704852 6.7712427
11748495 4.1615575
11756637 4.3064103
11793277 1.5069611
11799872 4.2578574
11799874 4.2579273
12012992 0.9011729
12029932 10.5542613
12158853 1.2623791
12494582 0.8309453
12529950 2.4004337
12631605 0.7088063
12632044 0.2016308
12672792 4.2116316
12673900 1.9102172
12723924 22.0004004
12790306 1.1847291
12824209 1.0711624
12862119 11.2077438
12915124 3.1642751
13021029 3.8523922
13037534 30.1826945
13062255 1.651213
13062697 4.8487676
13068361 0.3073681
13070701 0.4140761
13092260 13.2458144
13135572 0.3983886
13325340 0.8930911
13345143 0.6723508
13349647 1.5370594
13351941 1.5806087
13389059 30.551402
13684720 12.4378148
13840107 2.766084
13957444 3.7404363
13968858 3.4855938
13974582 4.8607921
13976604 3.2053727
14040050 10.2707341
14081980 2.9191488
14091704 0.7650591
14207118 2.7046116
14307980 0.8974226
14614418 0.8379827
14617089 1.6689463
14679411 6.0499502
14709809 9.3910703
14826027 0.912568
14842303 0.7725964
14844585 1.8630983
14948284 2.7036866
15445546 1.6827975
15445551 1.6827917
15613315 0.7166323
15795549 0.8911946
16288184 4.3596973
16316642 4.0218798
16479253 6.9481612
16485009 1.0056497
16596302 2.546673
16617827 0.2906367
16700335 2.8700507
16703161 6.003065
16728252 4.8506288
16740101 1.4811061
16805614 8.4916123
16805617 8.4909155
16805628 4.0757598
17005768 6.8397291
17206122 4.4532299
17299918 2.0280582
17451194 2.9784
17468122 4.933897
17539192 0.5318301
17562290 0.3081868
18028547 7.399122
18225199 1.8827519
18250189 0.1396417
18269802 0.3431555
18271803 0.8180907
18319090 15.4251764
18433724 0.4076033
18534775 0.3358641
18636142 0.4315181
18914916 11.2840942
18915591 6.9856401
19193162 5.6916577
19271382 2.5883459
19570530 12.4471515
20072363 0.5160955
20095466 0.2118497
20176492 2.2213018
20212631 0.2971598
20239565 6.0211645
20299889 7.6062167
20876588 3.1497806
21126323 1.8416171
21174723 0.2318808
21175869 2.7393993
21184505 5.2919898
21319374 1.7609748
21442712 0.349539
21499327 14.7836424
21499609 8.4780878
21639186 4.7297276
21729403 0.405346
21827849 0.9426368
22017780 0.3842047
22079739 0.6861425
22120766 2.496703
22146154 18.1921987
22221233 1.8623447
22390773 11.3051195
22457438 0.3606758
22481474 0.4403005
22538139 4.6328668
22590328 2.7375935
22766107 1.7262794
22818693 5.6296634
22843856 1.8497231
22937402 1.3826827
23139612 0.4113067
23221002 0.4452879
23324827 6.1877672
23328912 2.5640164
23555025 4.7456775
23559851 0.3248137
23753424 0.3455705
24004619 2.9160743
24077469 5.2959861
24133365 7.0690407
24194061 1.2624534
24397947 10.190907
24400247 7.2179641
24433067 6.1864071
24450633 0.22867
24522770 2.1313403
24586751 0.5128316
24588623 2.7402142
24606516 0.4019809
24704862 17.2004992
24733359 0.3785419
24935204 13.443185
24972851 4.0217397
25078120 0.8232098
25078924 0.9043827
25155310 3.288791
25156751 1.7431151
25188036 3.3928521
25195864 0.7435968
25226885 1.6320461
25354620 5.0180904
25375553 2.3109655
25858367 2.2744901
26273760 4.557467
26432264 1.0500526
26489741 4.9334845
26533207 1.7655668
26542657 11.0047721
26543048 2.0051206
26568753 5.1477775
26656583 0.5276908
26801525 3.8966513
26993764 1.8842931
27006880 9.7631328
27112021 0.4079911
27307817 14.5841729
27312189 4.1779073
27397122 12.7335564
27654882 2.231301
27767184 3.5129573
27843942 1.5218739
27844498 4.4214428
27845677 33.16094
27915909 10.6742332
28051929 13.6346813
28157482 3.2817358
28159019 4.619043
28188795 1.2694135
28224552 9.9265876
28230919 4.8880424
28290956 6.0036044
28304399 0.9526907
28306907 0.3453998
28351918 0.5150875
28359831 0.8905095
28391714 0.9715449
28449295 2.3779664
28498786 0.7817808
28586609 3.8666422
28763683 0.8917124
29053989 1.3230918
29478974 12.4532873
29684896 1.6053784
29697290 0.8352303
29706981 0.5228847
29777922 0.5305975
29778064 0.4946419
29847695 4.9983914
29848012 0.3491737
29914747 0.7713663
29983149 3.8489291
30028394 0.4571032
30034081 2.3446089
30122338 7.0401695
30287190 3.1243419
30313682 5.7273674
30382918 0.5719608
30450412 1.2538431
30540538 1.599844
30562668 3.8522421
30714849 15.0688612
30816076 4.0831801
30828562 3.1122867
30914235 3.0199529
30993392 5.7945445
31054255 0.873872
31107108 4.0481965
31118189 0.275773
31134762 3.7872526
31273263 22.5729583
31303242 7.05507
31415131 0.7896026
31511621 2.629486
31653503 6.6806299
31655792 0.4161053
31690845 0.5995535
31743416 0.6228886
31779608 0.5056946
31796120 1.9941899
31810287 4.7615506
31850842 2.3198144
31961007 4.2537236
32000625 0.7017512
32008233 0.1416123
32050581 3.1131466
32150630 1.4920361
32200310 0.3604377
32268776 0.4762141
32284829 0.4642528
32449963 6.5204909
32543789 0.3191196
32551761 1.0850104
32702481 1.8977979
32759110 4.0770359
32830028 0.516153
32932888 1.5338696
32959497 2.5034399
33194538 6.0502389
33419790 2.0162719
33521996 3.3252654
33576348 0.4438332
33665328 2.0539339
33689349 3.4978978
33715938 1.4392968
33742428 4.9782121
33742828 0.3769712
33834253 3.2320815
33862174 1.4145298
33864821 0.810465
33912852 1.7050008
34082428 0.4338925
34107676 0.34015
34142502 0.2082084
34145330 0.6404922
34236395 0.8793064
35009375 1.0713401
35101462 4.1729015
35349987 42.9559995
35481236 1.8434407
35516889 0.7888385
35655828 8.072659
35743561 2.7207961
35744583 2.0689326
35744707 0.3464465
35857242 3.6344345
36077464 0.1728147
36352297 3.0179355
36594985 0.9879676
36729364 0.327482
36734222 0.8134735
36883123 0.3352718
37248140 11.5067903
37435039 3.1985692
37601240 0.7313791
37606218 7.8358545
37817410 2.6061393
38021254 0.5126235
38023570 1.2215651
38125059 4.2299211
38215399 2.4335384
38399380 0.5680974
38423705 0.5336538
38462522 1.3570883
38494096 4.8944544
38541473 6.0613451
38586438 1.1112853
38588414 3.9642364
38589392 0.3777198
38677487 4.0809305
38678931 6.2847533
38686737 2.2471308
38687360 0.5080177
38699825 2.0846441
38707340 0.5638978
38846515 2.8493839
38936062 1.8547426
38937499 4.0555582
39011225 2.628162
39018208 6.6493104
39046291 1.8365858
39065113 4.6892054
39074755 1.5689732
39074957 2.0033852
39174351 0.5737275
39576803 8.59777
39643723 1.3131123
39818458 3.8156995
39903672 3.0312219
40038743 7.1681194
40102236 0.3816918
40219040 0.5247287
40244907 3.3178238
40288117 1.6948229
40378419 4.7460209
40534599 0.3567582
41170667 0.9740942
41431247 1.0199009
41536849 1.9144331
41561453 1.513786
41591173 81.0599147
41865879 6.882728
41870248 2.8261627
41896812 1.2608353
41998476 2.7809831
42244951 4.2820417
42705187 2.1303275
42827646 0.6780302
42828781 2.9429254
42991745 1.4218117
43273020 1.8412191
43398254 0.3016875
43533897 0.3133685
43647325 6.3231318
43648757 2.6989629
43712632 0.9264966
43846099 0.4234074
43864479 0.5944452
44147832 0.7980902
44222598 2.1618647
44560801 2.7935345
44623916 0.9447294
44631957 15.3114276
44631965 3.5685735
44737596 2.7886705
44790502 0.6384866
44797681 0.4009503
44890224 10.62318
44988465 7.5638488
45599777 5.3135877
46313508 1.0328804
46627823 6.004967
46908113 3.0116262
47175622 1.5233777
47309500 0.3868075
47352608 0.4434482
47380518 1.0953775
47402214 1.293387
47757785 15.6793194
47762157 1.0690084
47831368 0.3659521
47911178 3.5857021
48063032 0.5862463
48063034 0.5862504
48084398 2.1218069
48184317 0.2379106
48191564 9.5689982
48227278 2.8963311
48227288 2.8965088
48318875 0.3028388
48335665 4.6274812
48356677 10.7614629
48372732 1.0955633
48450535 4.233826
48476907 4.7132565
48499902 7.5811853
48507019 5.3953039
48658291 3.1757735
48880872 2.1874975
49003142 2.502933
49175300 0.2641902
49418981 2.5677451
49534600 7.9490097
49547177 0.6169876
49558810 6.7093594
49671442 4.2026197
49677785 1.5942503
49701947 5.7779484
49735506 0.3300894
49799894 0.2709015
49899799 7.0113985
50189810 2.237586
50191648 2.1399867
50273697 0.3320699
50380257 1.3482851
50528312 5.273489
50743469 5.7344094
50758245 4.5147347
50849800 1.4283347
50897998 1.4853749
51024887 8.2674452
51104846 2.9043012
51155192 3.2240579
51288359 1.8014089
51325134 1.5996147
51912829 0.8354048
51947865 7.4016964
51955546 1.8160334
52079677 9.030013
52276229 2.5155553
52280468 1.1365198
52368472 0.3259718
52449797 2.4511251
52641430 1.6700757
52641431 1.6712974
52924466 37.268309
53059882 8.9582177
53085065 2.9330659
53122807 17.8525026
53178352 1.0813531
53189332 9.2908633
53292822 3.2898896
53479497 0.2712799
53603189 0.4186371
53708889 8.4582565
53713272 3.9897025
53842685 0.3738842
53847727 3.0112586
53896096 0.7410489
53900480 0.8939467
53963396 2.7336262
53993965 1.1538562
53997651 2.9173324
54001270 2.3490994
54018297 1.9397502
54637745 8.9702618
54957535 0.7928444
55092869 4.7380948
55222619 5.196159
55222620 5.1962117
55252407 2.4504235
55339898 0.7196603
55369219 1.9795959
55383975 48.0513013
55404385 2.9520513
55408994 13.2542617
55489734 13.0151347
55497281 14.9053608
55524055 2.649443
55602946 4.9386468
55652785 1.6941403
55652896 34.5183353
55655482 7.920336
55659311 31.1134188
55727842 16.4698673
55746262 3.5598046
55753802 0.4155664
55753808 0.4155585
55778901 0.3545554
55896456 0.4647737
55999432 1.8555335
56001210 0.1893725
56023695 8.1783355
56127811 3.7236125
56128191 6.2238601
56332484 0.9225558
56777828 1.6322573
56912737 20.6894168
57229803 3.6497411
57229962 0.4237741
57232909 3.4098944
57256934 7.0631807
57258016 19.6982759
57297550 0.3822356
57652994 4.2785301
57963765 0.3210187
58018570 2.0288129
58108085 2.572415
58229181 2.1672832
58466459 3.8716104
58540876 1.3835269
59025325 3.8268311
59038877 0.3053691
59038880 0.3053725
59091000 14.7894291
59739922 0.5543471
59834339 3.7941214
60284401 10.1290735
60433558 10.8004431
60479151 0.8378759
60655023 1.1156523
60657338 0.2996869
60658382 7.7504819
60735803 21.1444727
60979860 2.3870631
60987622 0.269598
61120063 1.3195968
61135882 5.6402419
61285257 0.2345175
61351519 0.2048657
61381436 3.8884334
61386324 0.7318433
61505537 2.825623
61724376 1.9078996
61730680 0.3365551
61898904 2.8760119
62257830 0.2060441
62573638 4.7160152
62702862 2.1513033
62761513 2.0943241
62762261 19.158835
63006634 1.9948817
63071165 13.6839133
63074282 5.3318272
63126950 30.2993098
63192395 3.064939
63280198 2.0482546
63291675 8.0982073
63309085 0.3464973
63310637 3.2689044
63315565 0.8553523
63328020 1.1057442
63368767 0.6461027
63370066 5.5541695
63449090 2.4419957
63451547 0.9791375
63454475 1.8674768
63459761 4.3633096
63459761 4.3638776
63579446 5.5828949
63588946 12.7225898
63623869 0.7631187
63644417 6.2124706
63785934 1.4701245
63818344 1.577272
63820329 4.6765443
63916460 2.6305989
63941711 1.0387453
63972389 3.037679
63972440 3.0374949
64108432 2.7787077
64366964 4.459427
64608449 2.2502465
64783257 3.8551178
64904640 4.6638539
64951042 8.2390329
65200579 3.9293052
65348716 0.4948549
65448527 0.6678304
65479458 3.1962242
65628544 12.1561888
66080183 0.4011578
66102144 2.2927291
66355834 10.3692683
66356824 1.8390308
66509654 5.289573
66545120 10.8521597
66563761 3.4057562
66572840 5.7569119
66573768 1.653169
66602813 2.764074
66646031 4.4780699
66668289 13.9261861
66715008 0.3984963
66786762 16.6888008
67186251 1.1494576
67267845 2.0253143
67296459 0.321231
67360334 3.4278817
67474119 0.4569562
67559369 14.7103164
67565466 2.8158925
67646988 1.8817457
67686223 0.4169261
67686556 0.3215666
67687692 0.664172
67688552 1.4621434
67707406 1.2568011
67707714 0.3171474
67719432 1.0017063
67807856 3.3733443
67808952 0.3279029
67813700 0.7173662
67949277 1.785531
67982365 2.4938218
68032616 1.0780698
68032870 1.0335323
68901798 3.8601386
69559020 0.2908637
69838619 0.3833245
69888530 10.3516947
69889494 0.5090071
69949079 13.0559028
70442570 11.5269229
70555928 6.1140814
70717462 2.9486252
70761941 0.2654127
70914192 0.6095223
70999666 2.9444457
71026173 0.6795061
71103363 2.4486089
71107089 0.3576366
71266846 0.1336195
71298511 2.1525597
71330078 2.4572479
71531463 15.336607
71546916 9.8598511
71612483 1.2168732
71847068 2.587426
72121778 6.0117788
72229825 1.7955911
72534221 7.2291095
72588909 0.5731825
72605231 3.9370184
72782654 6.6314323
72839144 1.7556962
73177813 8.8160188
73201833 0.8649434
73386477 2.1803939
73455146 0.6693594
73723286 14.0655737
73764693 0.139296
73884611 1.6400715
74528318 4.670058
74528791 1.8020755
74627376 2.6136637
75352949 0.4720387
75377304 0.4026334
75490265 3.7384026
75818403 0.5635614
75969405 4.6107416
76658755 1.0498694
76698707 0.5278686
76758733 14.6309618
76923707 4.5304746
76989773 3.5383541
77030554 10.2871845
77031413 1.3866799
77031414 1.3866544
77044471 2.6574728
77044472 2.6857078
77139245 1.7371057
77158150 2.4869479
77209028 1.1377695
77320223 8.6061014
77437462 0.6079304
77468221 0.7025997
77545160 11.2465902
77557473 0.5815637
77630842 0.2698741
77703308 0.7462729
77951245 10.7148124
78055054 4.3887454
78151317 1.4391229
78234838 1.9743377
78450017 1.887501
78568736 8.2197877
78740218 5.1192821
78817217 17.7775277
79225651 1.785578
79328890 0.7440359
79403459 0.4353347
79492099 4.6034924
79548760 7.971971
79565128 1.6231744
79635841 0.4654716
80025900 4.0582743
80059889 3.0319176
80252615 2.694707
80556181 2.8195817
80650858 1.9158693
80659292 1.9925092
80929740 4.738775
81038220 2.0224598
81390067 7.7029007
81604794 2.2575762
81609273 4.8387759
81702112 7.7359444
82224114 0.3761241
82337809 3.5232799
82362447 2.8236737
82580956 1.8942674
83113607 4.4437807
83135408 1.8017221
83222019 11.6376922
83391903 2.4772474
83449549 3.4284422
83812531 3.9537503
83833793 2.1734806
83905462 9.6529258
83914837 0.9118507
83939434 0.9210253
84069091 2.6625298
84070123 1.7563202
84342725 2.6986983
84628518 2.7707179
85031598 1.1549206
85585153 0.4976325
85600400 1.4726271
85711393 2.0629492
85785338 2.2286332
86081744 4.3388449
86182628 26.5439653
86232609 2.9219038
86385104 2.3232208
86396382 1.0913529
87094608 12.6709793
87251422 7.0661708
87260967 1.0905536
87429086 2.4338594
88118399 0.2478252
88380001 4.4332324
88459699 0.1451026
88479623 0.9182032
88571421 3.1905328
88589037 1.1716656
88646716 0.4149777
88703412 2.8699727
88916475 11.2994767
88977253 2.7679934
89018905 3.1430341
89045042 12.6427516
89239251 0.3144381
89428764 0.3766095
89502706 0.4794193
89522181 2.3470297
89543393 0.4707912
89761288 6.5232288
89787749 0.5413152
89787778 1.0826341
90349611 3.8896054
90616971 1.6736565
90716944 16.050526
90836525 0.3138837
90911675 3.962421
90935391 2.6722464
91246422 18.7739778
91369561 3.9831064
91448148 0.9863543
91542943 5.3266949
91638523 3.1664342
92132775 13.9295519
92132777 13.9294661
92234970 0.7719217
92320552 1.6225021
92349924 8.799394
92350408 2.9574264
92352621 7.8963939
92359850 4.1499585
92594505 22.8699705
92628706 18.4050167
92743594 4.2253213
92774987 24.2391808
92776364 0.8462567
92902907 2.2467104
92902951 2.2464835
92938279 0.2750419
92938280 0.2750374
92995573 16.5355551
93000166 2.8570926
93053299 0.4110905
93316328 0.5157767
93681365 0.3960371
93911780 16.8430226
93997745 1.124485
94257578 1.1911554
94368565 15.904527
94637805 0.2768891
94986319 16.0675528
95525589 0.2180114
95525590 0.2180114
95778110 1.5324408
95867802 2.2816984
95927692 0.6609839
96106862 5.3797936
96799506 6.5457001
97402522 0.8007241
97467902 2.0450862
97472236 0.6384973
97486585 1.5086417
97833468 2.2836154
97908039 5.1397073
98064760 9.8980902
98337456 11.6159619
98478039 0.6682271
98628827 0.4908602
98658304 5.9307456
98777963 0.8447669
98828631 1.0156881
98853987 2.7284203
98853990 2.7283715
98974882 2.1317486
99013269 6.5346855
99028319 9.4045943
99028324 9.40434
99086567 11.845732
99135781 3.2343265
99135783 3.2383444
99254945 7.7078125
99391575 2.7262669
99465976 0.6243709
99641129 0.0956464
99646802 0.7155582
99746674 0.2716514
99784331 0.5234661
99813351 16.373828
99920728 2.3585278
99931724 0.8079015
99982385 18.5665156
100029948 2.7775647
100099031 1.2981369
100100827 0.9414549
100100829 0.9419795
100508429 3.2180802
100917608 4.1237901
100918213 0.5129265
101070833 0.8276644
101220458 7.3127626
101233501 14.54574
101302325 2.1980121
101395259 7.5746218
101497151 1.2520502
101546875 4.6840246
101547609 21.454335
101645013 0.4712987
101654574 18.459294
101719607 1.0461329
101767283 1.8759542
101845679 1.2811036
102169275 13.099714
102195674 8.7572
102643159 1.7769154
102691227 2.4197641
102764828 0.6726622
102841799 5.2629645
102929927 5.5293298
102978235 3.6841111
103452621 6.4198319
103566595 4.1944503
103573024 21.5587749
103605167 8.4568659
103656297 0.2877918
103683084 3.0569948
103743317 1.5396688
103777040 0.473221
104743460 3.193325
104909909 2.5737914
104975120 1.1197175
105233028 3.6274028
105802318 0.2781131
105992935 0.7061056
106055469 0.3646438
106309554 1.1031609
106403786 2.1954573
106470229 5.0203952
107012110 3.0311832
107548305 0.048979
110428269 0.6496575
110981024 1.9793094
111267340 1.2703727
112098034 3.9102627
112099606 10.2868251
112236473 10.278941
112401201 1.1157894
113061684 0.6932295
113098812 4.8960145
113501026 3.268932
113565705 1.6583723
113567527 6.6547256
114471605 6.3869005
114500611 0.4887741
114547549 3.8679801
114819301 9.7729818
115046240 0.3458225
115105140 0.410686
115115136 3.9569949
115244268 2.0089279
115275539 1.7630617
115443990 0.7553465
115481900 3.3060948
115693377 4.9279264
115771549 9.435472
115920747 7.9350688
115971584 0.3469337
115980439 2.3077775
116161302 2.5320807
116163356 1.1814961
116374184 1.7889812
116380226 15.3229639
116417661 2.2776724
116484192 0.2764742
116502572 3.9329568
116503129 0.1712539
116520408 0.2908731
116853937 1.6866367
116890331 1.5225427
116991977 1.9008884
117099990 3.1960683
117101700 2.7385669
117175528 2.2541549
117234769 2.0575137
117378874 0.3745944
117397619 8.0310059
117515123 0.2595402
117516791 19.4501262
117544915 2.968452
117549840 0.6660209
117648603 9.2982863
117739806 5.6203686
117879940 2.261994
117925262 0.6012889
117978580 0.5272631
117979897 3.3106801
118200081 0.9529892
118271395 0.3997855
118271404 0.399752
118313102 9.255727
118389230 4.2744394
118586896 12.1136299
118826280 0.246525
119058688 1.3483333
119159743 0.4119512
119327278 1.0845944
119461266 2.9462458
120251815 1.5102144
120258315 2.9115348
120315082 2.873597
120341889 0.5010343
120362128 1.6439225
120393264 0.2093105
120414806 2.553051
120490566 0.6541021
120499528 0.369151
120566395 0.8884682
120576722 0.7891762
120585579 6.3410985
120602501 14.8655966
120607386 0.4136144
120610833 3.1261267
120626764 0.9612907
120684604 2.189082
120689878 7.40447
120826084 3.3021605
120826158 5.179905
120893542 11.2580485
120896927 4.7565589
120956236 0.3270847
121009628 0.2820421
121016578 14.0841391
121020626 1.5403936
121022559 1.297756
121048789 1.288246
121078334 0.9285757
121092386 0.4215599
121108244 0.3951054
121119758 2.302614
121121622 4.1007475
121122016 13.850315
121124831 4.2308781
121134517 0.3351707
121156576 7.9497566
121213501 0.4738341
121273032 3.4755735
121420805 1.7168857
121455954 3.5148061
121457732 1.9666235
121460104 0.3783745
121463130 0.5085862
121568625 8.4652048
121595243 1.0575909
121598562 3.3488462
121604042 4.4423249
121714982 0.8601619
121866154 9.4556658
121945407 0.9055703
121966220 6.7154544
122070918 1.0648122
122104276 3.5427169
122224804 2.9764739
122275115 16.727168
122285268 0.7208626
122303843 2.1001474
122304494 2.9216405
122330743 0.9163618
122375269 1.8912424
122446076 1.5194849
122446960 18.6112781
122606463 6.9433642
122645363 0.5339372
122682776 2.8579768
122707747 10.166223
122712115 0.7314944
122891349 0.3302671
123014200 0.68456
123038007 0.4226879
123042728 1.3128307
123153249 5.8784238
123201406 2.4064013
123201494 0.2868434
123222370 8.9671621
123311124 0.8715843
123337161 0.3681651
123357952 0.4277815
123405765 1.1497091
123416563 0.5807305
123492200 0.4084753
123573766 6.6350711
123625970 0.3171272
123902605 6.2166988
124033255 3.3673406
124095230 10.6190279
124106762 4.1869104
124199788 2.3521756
124205037 0.3327345
124282575 4.8103945
124350360 17.1162213
124369049 0.2917354
124604724 0.1169202
124642273 1.2341048
124651221 7.4215887
124712813 0.825658
124712820 0.8256717
124912666 8.1119042
124950413 5.7898897
125115082 1.3010635
125175122 9.6476573
125267683 1.6102295
125298121 0.6129219
125442121 3.0183503
125497512 1.2731167
125501325 4.3837501
125857387 2.494762
125958765 0.6173582
126232983 4.5363155
126325291 0.8293766
126336928 0.6980385
126446153 4.2102754
126586580 3.9273332
126602778 0.7121198
126637765 0.2734502
126763885 4.3573928
126944775 2.6958895
126945917 1.3410547
127365016 20.8542116
127955334 3.0825801
128344724 0.7299716
128721058 5.791456
128790976 3.5187572
128886984 1.6339861
128902999 3.3791588
128927088 1.8822251
128927089 1.8823806
129116176 2.017322
129268651 5.9631945
129409890 7.3514052
129455317 0.3207265
129538133 12.0919522
129764561 2.4348772
129781743 0.40249
129810365 0.2923476
129888462 0.7224241
129913061 1.0962675
129979528 1.220106
130158361 2.850038
130158363 2.849848
130876312 7.9399755
131239334 0.5698003
131625230 2.2134409
132298139 35.968161
132448273 2.2550488
133105082 0.4463651
133701671 4.6955429
134283998 0.6188381
134522557 5.7275413
135050395 6.7599877
135085261 4.4868623
135088521 17.1141414
135244338 0.6149767
135443051 0.8793067
136317809 2.7913652
136656542 0.652407
136732283 1.2918663
136879755 1.5015498
136995510 2.7539308
137136194 3.1306539
137151074 0.3536262
137152301 0.4919965
137205922 3.3001413
137310514 4.0534101
137341354 5.4072775
137408317 3.723624
137408962 0.7770084
137501278 2.1353895
137503140 2.9355373
137516558 3.8822389
137549183 10.2659573
137551461 0.9790534
137687487 0.5134829
137905775 0.4031699
137975907 1.7032721
138017750 2.4765255
138098461 1.1600306
138136997 2.3343622
138171285 21.4987717
138256097 0.4639323
138256675 0.5689197
138333980 17.8883306
138430438 5.7768454
138476641 0.4480622
138505004 2.2992573
138543573 1.1646797
138578906 1.2347531
138639253 17.5281048
138650903 2.5274296
138726174 3.5077253
138756003 1.3526452
138819130 10.7880606
138857475 12.9392878
138888894 1.3535876
138893145 1.8753441
138910382 1.1663118
138951779 11.9413036
138971570 1.5018739
139061135 1.1682788
139128537 1.578059
139148071 0.7007948
139188326 0.5883808
139207681 0.4936816
139252264 1.1325693
139256217 2.1992267
139303531 0.5394192
139349813 8.9996607
139367232 0.56328
139378834 0.5147505
139378835 1.029524
139419658 1.8467987
139452314 0.3467611
139460937 4.0635072
139468902 0.4547342
139699256 5.952715
139700621 0.3467937
139701741 2.6303776
139703005 0.331924
139704026 25.7566928
139721086 8.9737351
139732428 6.6637267
139825840 7.6881634
139841210 1.4890015
140064648 0.5397545
140066660 1.6642292
140084919 0.8450043
140132301 0.6570841
140209204 2.7520682
140212820 0.7776763
140288359 2.7661331
140346195 1.7290744
140493525 0.3089662
140627676 0.2491776
140659978 9.4400954
140659980 9.4400721
140661916 0.5219397
140691463 2.0845385
140736015 14.6253941
140757590 0.4184041
140760434 30.9767086
140804999 0.9449783
140830390 12.8382058
140867345 12.0207167
141124793 5.887035
141126559 0.7766603
141127435 3.2422209
141148940 1.7303098
141148944 0.8652485
141179506 0.3791582
141268467 4.1810902
141332108 0.3816202
141333573 4.2473074
141525324 0.724898
141606986 0.3438411
141620020 6.229387
141622065 2.9279902
141663326 6.6546536
141685465 7.8074225
141708335 4.7603435
141766191 0.3735113
141809359 12.15756
141914317 0.4371692
141943694 1.8345625
141975903 0.2577022
141978095 12.8339767
142013583 0.3220011
142047616 0.1487238
142080812 1.0580716
142105299 80.0528937
142105466 0.4332051
142109430 0.6141031
142148228 1.5612094
142154041 2.9486974
142177867 1.4352892
142258314 0.8441977
142262969 15.5149339
142308209 4.5518823
142409400 1.386915
142441910 2.8796587
142587827 0.4393982
142618244 4.7796864
142677613 6.1826413
142742998 3.0962043
142783746 6.1512217
142791832 6.5419253
142852841 3.4208469
142865103 13.3344976
142875987 2.4719288
142929481 1.1467361
142979644 4.1790314
143022688 1.5661604
143100813 0.3877488
143117999 5.7007498
143171265 1.1411026
143234741 1.9178734
143318403 0.7252496
143350469 0.6608393
143350972 1.081762
143669444 1.1038823
143848624 5.4320497
143924219 2.8201001
143959183 1.56854
144000467 8.8831592
144149848 0.7233873
144167463 2.1466378
144194304 0.483469
144282524 0.2929314
144336221 1.9711675
144440290 15.0147438
144462697 1.2340071
144539611 3.9809609
144598282 0.6606694
144695651 5.2978379
144700903 2.3237787
144804862 2.3848496
145116411 1.0188601
145586291 4.0167459
145762697 9.0663975
146039664 17.8368584
146344020 2.493918
146439804 28.5065844
146520491 0.4486455
146522930 1.0876046
146530594 27.0879453
146539195 0.2801374
146557531 0.2708487
146559012 5.2819523
146559015 2.6403709
146597035 4.4001488
146601318 0.9869836
146601322 0.986995
146637697 0.2717596
146688260 0.5030694
146712645 1.521464
146761368 1.835438
146879345 3.013558
147026702 2.0728219
147083089 0.3627438
147102369 4.1270975
147131974 0.8016887
147185619 32.2753745
147201138 1.8805348
147214032 2.4877086
147314529 0.9256059
147406559 21.6219603
147576476 2.2195336
147610499 0.5288505
147611185 0.3683311
147611197 0.3795969
147625755 0.6758391
147686743 16.1688794
147950620 2.3106307
147975720 2.8502226
148081648 0.3770891
148081650 0.3775014
148158540 1.8495522
148274098 4.0532497
148392309 2.7915561
148544875 3.4879971
148611095 4.8374698
148612685 5.0101293
148656659 1.6566498
148781497 2.5399053
148914403 18.2901954
148920245 0.6853446
148963419 0.5681639
149010208 3.4372911
149030418 1.7402013
149160359 1.1207351
149319411 4.7521262
149438705 0.2641329
149470723 1.7368043
149473467 1.0948857
149566964 4.8135852
149573659 4.373719
149583965 0.4627844
149603524 8.823882
149622009 0.255229
149629043 2.1881105
149833117 4.0524213
149837469 0.3855918
149861542 3.6586352
149976187 0.8968788
149990841 4.453184
150031040 9.7627033
150101472 3.2785242
150101476 3.2785754
150101799 1.577227
150187916 1.1162148
150225473 0.418378
150251466 12.3875684
150282779 5.7593793
150284425 3.0044462
150300654 5.4498972
150326668 2.9578471
150357064 2.9787011
150361911 2.4938523
150388753 1.4135516
150390189 1.2694631
150442264 2.9816876
150443185 2.5936476
151267228 9.1601819
151300352 0.6214257
151516273 1.1780815
151587650 4.9516489
151681127 10.1987241
151826930 2.6952751
152147549 0.2294902
152223725 4.4361742
152362660 0.3958655
152377056 0.943262
152507230 0.3116403
152592870 0.5138514
152825521 0.743132
152926069 0.8032433
153077619 16.3536764
153166843 1.9316637
153709888 2.1663476
153741139 16.588177
153742549 6.0704815
153826685 0.326996
153834085 6.1584435
153891668 2.2268301
153987857 1.0141966
153991851 0.5249268
154067797 0.2365802
154511165 0.8403778
154570928 42.6536288
154664604 0.4215231
154840461 6.0361565
155114483 5.2652557
155479809 2.6989309
155540827 3.6505249
155657579 0.1840702
155657581 0.3681396
155669153 4.8729679
155813907 2.2432062
155884449 0.9797213
155884454 0.9797834
155894704 1.3574343
155915231 0.8668953
155968973 0.3418805
155988736 6.8489974
155989956 17.8592472
155998626 0.6404518
156067195 3.5500014
156074324 2.9351862
156091346 2.3154933
156169159 0.7452159
156215585 2.9597294
156241056 1.7801492
156325724 11.7250907
156376126 0.3518407
156380098 0.3454378
156414921 0.7158579
156563222 0.2711506
156577475 3.1257385
156758188 2.0973245
156921656 4.3493176
157018051 15.0814007
157175641 0.3702377
157273321 5.5201001
157273362 1.9999011
157376469 1.3412056
157448336 0.337142
157751050 2.5798993
157754133 2.295572
157770450 3.289459
157774304 11.7845114
157788279 0.3552452
157840032 0.5022673
157847499 0.1752063
157889314 1.4327737
157968186 2.0688135
157999789 26.141053
158016784 3.1980519
158113583 1.3872088
158150633 4.156442
158218818 0.4239216
158272742 1.4009849
158301961 7.7615593
158324245 3.5271651
158329676 3.0672444
158389967 0.3927173
158393140 0.8768263
158417251 0.5189985
158431889 0.5725308
158450472 1.3530058
158491288 12.0835487
158536052 19.9756911
158561566 6.7899645
158565141 0.2751824
158579379 1.0144775
158582801 1.0801048
158582802 1.0800929
158635832 1.9855808
158660631 2.1781296
158673914 0.3733744
158713903 3.5943016
158726046 0.8269418
158728853 1.6564461
158794976 0.7728167
158979332 1.5321936
158988347 2.496258
159047480 11.6041297
159105713 0.5749414
159105847 1.3147148
159169838 0.9184306
159202185 0.2835585
159220329 1.7304031
159298033 1.724836
159346490 0.5825923
159386347 0.8079928
159444225 0.2839962
159464498 11.3298056
159493588 0.3534062
159510109 16.9487028
159510983 0.3242724
159573299 10.8828219
159636127 0.8146941
159638876 2.3988603
159644070 4.5641925
159716878 16.6002043
159720778 7.7360166
159723646 1.0731048
159803421 0.5522213
159854358 0.3266562
159854359 0.3266553
159864583 3.6404884
159864610 3.6398863
159871619 1.2099549
159897979 14.0549592
159939533 0.2822546
159950145 0.3950963
159983399 0.4190329
159984211 3.659904
160036449 1.8931745
160065970 1.3681857
160081043 0.7687018
160085375 1.4029856
160104585 4.8618817
160148385 6.8505104
160150808 0.3740459
160159932 0.7991886
160195393 0.5728941
160196709 0.3066134
160228595 2.0922296
160268882 1.2709971
160328766 10.3176495
160425283 0.2653612
160472514 6.168627
160484494 2.8601083
160492551 0.6074426
160585813 2.7638181
160603897 1.1100952
160618494 4.2618619
160648169 5.7749844
160697480 2.9844975
161083755 0.3139064
161262226 0.3073041
161287859 0.566328
161563111 0.7177675
161570793 0.2762364
161577376 8.2844594
161638713 12.6165358
161665775 0.2783256
161668117 15.6398872
161685680 3.7392234
161687311 0.8166028
161687316 0.8164077
161710825 15.9627044
161744580 3.7718907
161840630 2.1303265
161988269 2.513944
162035117 13.150359
162173122 0.3721521
162305237 0.3371859
162585265 0.5123344
162585282 0.512331
163648025 1.7301722
163965682 0.7858484
164375251 0.5396176
164413080 9.3307063
164458426 4.6932624
164461124 1.3862532
164463075 0.3846784
164524541 0.3150328
164527723 2.7398679
164552564 5.5889647
164554097 9.726541
164557531 2.6963007
164558055 2.427002
164558072 2.427493
164646288 0.7337361
164674435 1.7418186
164674992 2.2139641
164677806 2.2236991
164681172 4.9053187
164720673 0.3659915
164752991 1.2224224
164775666 0.3168471
164776925 0.3407947
164781045 4.7038964
164782264 0.4439891
164784457 1.2503663
164883253 0.3152043
165148663 1.9614239
165184400 0.6637027
165186801 1.0495707
165307617 2.4315122
165310952 1.8052185
165371937 0.7956265
165453878 2.7076214
165456443 4.3139651
165458777 0.2926701
165470014 18.9511081
165493409 9.1065193
165531514 3.1055072
165618747 0.6481988
165626871 8.2570926
165721304 69.7691461
165725822 11.6906423
165797593 0.369721
165976940 5.9401653
165982704 0.2976868
165987272 15.6888569
165991532 51.4178453
166074503 2.3288589
166090445 5.3246121
166319733 0.2822073
166421485 15.015979
166532356 10.5729573
166606391 0.7673139
166624433 2.4827232
166660531 0.3431742
166773165 5.0316864
166833457 2.9626499
166874908 2.1893105
167005326 0.7204063
167086201 2.1964144
167123437 0.767151
167196599 0.6405872
167201539 9.4689278
167208380 18.3195555
167304040 5.8191329
167338355 0.2883619
167526485 5.0114962
167554898 4.4537006
167570131 2.6395686
167654878 0.4939027
167656297 2.2656055
167671107 3.6497948
167673218 17.9651049
167673754 0.565193
167692429 10.2628479
167692491 0.4208575
167694820 0.5221897
167697604 6.8965116
167717848 5.064015
167719897 0.5133215
167722431 0.5411687
167722708 35.297151
167747439 6.1309716
167756615 19.4296795
167792080 3.2532219
167795859 6.2128172
167812449 4.2356768
167890109 0.3769767
167891342 0.6335889
167983141 10.4099243
168191566 4.1187613
168312820 6.9341227
168384614 2.2676988
168426455 3.8671518
168674931 0.9013817
168675489 0.4606649
168697816 0.6921086
168809669 1.004711
168851294 0.6431832
169168102 2.4996012
169175441 0.4787275
169316288 0.5591511
169443390 2.247489
169458450 6.9287941
169467727 19.6332942
169532369 7.2100032
169532543 0.9154337
169573910 1.4398097
169770571 1.8461945
169814134 0.7078464
169815759 12.4274859
169815918 0.9628206
169819162 17.7444016
170102285 2.9444214
170246850 8.4002404
170255099 1.3032304
170344769 11.259333
170634116 3.6623971
170635351 13.6518985
170637811 3.0643486
170676440 0.6341928
170729895 1.4907993
170735592 4.2029176
170749770 5.3055493
170937974 0.8061295
171084337 0.4107993
171419257 1.7138027
171970567 1.9213507
172036040 1.4252801
172171873 2.525087
172193428 2.9412329
172224309 4.1737535
172361463 17.9417712
172421004 1.0626485
172422394 4.8085483
172431974 1.1722583
172462064 23.89345
172464366 2.9215537
172517058 2.4365191
172529744 9.0119805
172742334 7.5647799
172933154 5.7872723
173038281 4.3080481
173077938 0.6485283
173340408 0.4949673
173419202 1.8758068
173424364 1.4790434
173432542 5.0551084
173521768 2.7650763
173710176 1.6188466
173756330 1.7534658
173756896 11.3408662
173795590 0.3327207
173797509 4.2790406
174157888 0.3804571
174266604 1.7174984
174310085 3.6533097
174757717 8.6399351
174949325 2.2407828
175182754 3.8093294
175402069 0.1010169
175405906 2.012949
175458611 0.336029
175969976 6.6976452
176406202 1.5144824
176551075 25.7781919
176591772 7.7585814
176752680 1.5574461
176774858 0.6188506
176797815 1.3597945
176854066 4.0462111
176871438 15.1382159
176874060 8.7250003
176910080 1.8573592
176937887 0.6574974
176983267 0.4180924
177057901 0.6846849
177077475 23.4262368
177118177 2.5041961
177118376 0.4112904
177175199 1.0404134
177258700 0.6879647
177283727 3.95617
177308817 23.8960519
177315555 0.8152513
177350401 12.0753454
177417406 1.9575805
177631209 2.1442081
177644756 11.3407028
177723489 2.1989146
177823340 1.3318801
177960771 22.4150065
177995472 2.7543229
177995773 10.6183382
178051504 1.4631077
178168644 1.0926557
178171080 6.5011864
178242590 1.3019741
178284729 2.2359849
178284730 2.2359828
178352046 5.7768236
178723395 1.7615731
178857934 1.4265941
178858648 8.946456
178859380 0.3307902
178889597 1.884499
178938417 6.2653192
178938437 0.6235871
178996712 2.9822422
179034615 0.6621642
179238861 1.1654195
179244391 0.2854639
179295564 7.33385
179308939 1.8838938
179368346 0.2626685
179410793 7.8327444
179440289 2.0522958
179637488 3.2969808
179966966 1.5481001
179985566 11.034992
180412528 4.5870046
180416826 2.1895269
180570279 4.7980204
180670276 2.3444761
180724703 1.1226132
180730928 1.1349354
180770456 2.8813735
180943676 8.4182186
181043970 0.8709147
181150051 1.0401227
181159386 5.6316349
181226974 1.9353781
181233908 2.7975315
181341926 1.0054508
181463644 2.7273558
181862539 3.1445398
182469311 6.0298614
182776916 1.2262887
182894226 0.4086712
183469904 3.5114994
183529462 14.9844937
183537458 0.4557865
183596242 0.4455952
183979262 3.4308011
184008771 11.0251081
184089083 0.3784421
184176428 0.7468293
184246521 2.4702848
184298625 9.5412426
184679932 2.1725511
184739277 0.7536607
184947995 3.4792304
185059488 0.7397428
185060842 0.8248662
185236439 0.6537903
185259483 0.310564
185403173 4.5730357
185466937 0.2743782
185805011 2.0052089
185980914 3.4915999
186337556 0.5255514
186514178 15.9038388
186544053 8.911256
186595806 0.3873824
186942457 12.7727366
187930369 4.9365603
188512866 1.68149
188590080 6.4949555
188594653 0.3741055
188630094 0.8627317
188989177 1.1741025
189084771 15.0798097
189349514 2.5142319
189397763 12.7746423
189414606 1.2366986
189639080 3.1337762
189814368 2.7923441
190332444 1.5945732
190390679 6.0515344
190693377 0.3618034
190734021 3.7644061
190863171 0.2043994
190885165 3.2975355
190990336 11.0968971
191463077 4.7185237
191769621 16.9850358
191926695 1.9350003
191933664 9.8154184
191965113 20.8289572
192071095 12.1727418
192087959 2.4768652
192111972 22.8434607
192201543 17.4624961
192587088 2.4054872
192826603 2.6473106
192990023 0.900898
193092806 0.1185081
193136669 1.5660057
193271278 2.1742728
193391232 3.4510694
193537392 0.1647381
193538686 0.4050058
193545440 0.6369221
193545446 0.6286265
193553960 0.4140905
193580427 0.394304
193627658 0.7871829
193635719 0.4866178
193728983 0.4549953
193770329 0.3163093
193774939 1.3057478
193822785 0.9667583
193823999 0.3698731
193831684 1.2933235
193867475 1.7771916
193948188 5.6181129
193971913 3.7928444
193994472 6.35215
194132691 11.6436879
194303300 2.5019697
194736844 3.0408347
195549306 14.3584795
196433833 23.8403023
196740034 1.8276701
196776171 2.4259113
196896001 0.6108151
196920546 1.5360575
196954401 3.7499836
197183006 0.5663165
197570458 7.6179156
197587400 2.4776908
197735761 0.601957
197755658 3.1586975
197757000 2.2065214
197760286 0.6013042
197766143 5.2059361
197886566 0.8721425
197887879 14.5286478
197908268 0.9131569
197931263 2.5185892
197933923 0.4901067
198008281 0.1315587
198011271 1.9335604
198037741 0.7799848
198051336 0.6419055
198076334 0.7826006
198109209 0.9582095
198152578 0.4546775
198181552 2.8224469
198242676 4.6297895
198242678 4.6297902
198280388 0.4884028
198313291 0.3067214
198354443 0.1534342
198366673 1.7599204
198382308 2.3112289
198382838 94.1259026
198388252 0.395161
198408416 0.3647341
198410119 0.2938984
198410480 1.1233451
198416591 0.3387332
198457457 0.4034692
198507944 0.3422844
198537349 9.5785564
198555959 4.1920513
198560607 0.3701469
199010369 4.0990887
199420503 2.3858567
199549116 1.5859642
199574208 1.2683892
199574211 1.2683879
199612934 0.6014874
199661915 8.399901
199662929 2.2935708
199688409 0.8682633
199688472 1.4412123
199708835 10.1201374
199709055 3.0546291
199716496 1.0458364
199978301 3.2947265
200135791 21.9877425
200282468 0.8520161
200297691 6.9788711
200363295 0.7531866
200373531 8.0766059
200440175 1.8260039
200440270 1.0788761
200645730 0.2917217
200792606 0.7545101
200921621 4.8641013
200939418 0.5823027
201176965 1.3640185
201233610 21.0578466
201234926 14.0946283
201256771 3.7617401
201291281 0.8103627
201293780 0.9377426
201497357 2.8721398
201601338 0.4505807
201693184 3.0836984
201747686 1.3456287
201776479 0.3671508
201796819 0.2853729
201924791 13.6332784
202088205 3.3740134
202134374 3.0378023
202291965 1.529739
202295392 7.3283043
202299805 1.545686
202442974 2.738921
202442982 2.7387205
202444594 15.9891803
202445608 3.3692498
202490797 3.3924643
202509016 38.5951605
202601061 0.6609503
202839485 0.412856
203001339 9.0673009
203387944 3.3108416
204325855 0.484342
204327008 0.3232092
204497617 1.589172
206439308 5.5270087
206462116 2.9674214
206468815 7.3703493
206508611 14.6704381
206537129 1.5255228
206537272 0.4893306
206539783 8.6681789
206544316 0.3219472
206556127 2.2110155
206609630 0.3352714
206856569 8.0171338
206912019 0.3572646
207004093 1.2475564
207080350 9.1073059
207081058 14.7768213
207085748 0.3623789
207091008 0.2460469
207174531 0.6250975
207200487 2.5043927
207384197 0.5353066
207394908 1.3010871
207397638 4.0201743
207398432 9.2581804
207493152 9.1276498
207496306 0.3293302
207496824 0.8027002
207504663 0.5882432
207511576 1.3680135
207528978 1.2232834
207693951 2.7164452
209313886 1.2912873
210116141 0.724345
210636260 0.8688272
211116547 1.2769701
211170874 1.8040897
211215485 1.7015012
211380233 26.6606389
211412634 0.7535755
212344482 1.5050701
212377300 0.2830396
213046690 0.2258437
213047427 8.8001062
213067604 0.3219872
213514265 2.3277105
214198381 10.6816724
214299836 1.7424607
214299966 3.0671767
214517366 24.9530583
214716930 8.5251621
215258019 0.46323
215336287 2.5922851
215403644 2.1963465
216190934 2.6749712
216728030 3.1972282
216995338 4.974134
217059369 5.6820851
218795833 1.2652253
218821972 3.5378793
218878052 0.5982113
219016721 4.2348652
219033506 4.6692844
219095755 8.9066489
219096494 8.0741923
219107776 0.2099379
219109908 0.4240272
219145901 0.2729386
219164808 3.3546037
219173590 7.6506857
219176881 0.4636711
219187649 2.1540775
219201178 2.416991
219203188 0.2319362
219222201 2.3832589
219238496 6.5054324
219244444 0.3037035
219308281 2.8573698
219310882 0.7542206
219322317 8.5448393
219328400 0.3390354
219328784 1.9681031
219338651 1.2658396
219346326 0.4257389
219362976 15.9543896
219373406 0.8618965
219403686 0.7602518
219421171 8.302977
219423316 1.1968783
219435542 7.1989808
219474870 3.8668793
219699532 1.0810901
219707463 4.507086
219738202 0.5790386
219739347 0.7735263
219750638 0.4075024
219765652 0.6659493
219771660 14.4945368
219780464 2.0008691
219788401 0.1371852
219807735 21.7328313
219843981 0.3016095
219859691 0.4457637
219865181 1.1178055
219882262 1.032726
219900027 0.5152647
219912046 1.7797694
219927211 2.6933066
219967673 0.8586386
219984354 1.2382039
219998089 6.2021457
220015845 26.3381651
220029715 3.1874984
220042007 1.8381161
220082557 2.2570772
220315592 1.9711998
220318793 2.7760941
220359766 1.7598716
220388567 3.6453465
220397127 0.4795038
220397947 3.5520271
220402290 0.7852364
220402294 0.7852427
220420534 1.8360895
220430912 2.0326671
220435095 3.4230917
220474209 0.9801495
220521199 0.7288498
220523550 13.4964231
220567625 19.4266015
220569051 2.778273
222173967 2.013641
222945452 0.7482019
224283342 0.8874258
224303753 2.1772311
224308601 1.1949629
224605072 0.6648758
224607716 0.5107739
228760807 0.7779784
229057817 8.1821018
229082842 0.3762035
229115650 2.2594714
229143092 0.351034
229412873 0.4184052
229461186 0.4026659
229465075 14.2637441
229476285 1.0964623
229481183 4.3444946
229495981 9.0416491
229503517 3.9757512
229538190 0.7325984
229585356 1.4195973
229597404 6.3725902
229616860 5.6932747
229675762 1.4471416
229676244 0.1059836
229679814 10.5936893
229687624 0.6176007
229715760 11.5744983
229740848 3.0859294
229741985 0.1739313
229750058 10.1827843
229751802 0.5162551
229766985 0.4313565
229771234 0.8209585
229776076 11.2110117
229788204 187.6752114
229804573 1.4640938
229808144 11.6102781
229810745 0.4975237
229811538 11.5402195
229864787 0.651009
229889119 0.8875197
229910746 2.5063335
229914020 0.6760076
229940491 37.4597626
229975095 5.1853753
230016502 2.9604932
230017324 19.3876438
230050959 2.2344936
230061567 0.28798
230063769 8.2614364
230065962 15.956959
230069712 1.9674069
230086768 34.9269461
230088370 14.0076888
230114503 11.518327
230233157 0.5895456
230386284 0.3414933
230478637 0.6676539
230530979 2.8220198
231010756 3.7845188
231048083 0.317909
231061733 2.3982071
231075361 0.3197352
231081369 7.6314514
231093356 3.4703404
231205049 3.0970887
231275247 4.0079017
231279823 5.9684525
231293332 3.5757198
231629787 0.2665624
231714759 5.4613059
231809798 0.9056737
231810776 0.2327289
231822771 2.0147971
231826813 0.9007543
231828370 1.3720167
231833061 26.187637
231833204 0.208977
231840927 1.6357575
231851620 3.7168766
231860752 1.9597412
231921891 1.6992714
231922417 0.6872144
231922739 0.3565535
231972938 1.5508496
231973885 2.8946583
232030067 3.9690316
232063593 1.2349865
232185093 4.4691554
232524483 0.372987
232527356 0.3669901
232572560 2.2695484
232612416 4.3601328
232617358 2.2293293
232629077 3.6550019
232632890 1.3492615
232634196 1.251103
232643392 9.8689258
232965249 3.7268563
232967440 7.0643648
232985036 1.4656068
233006806 1.5112536
233043818 0.3708289
233058262 26.2781296
233058265 26.2811517
233079659 0.2418013
233080133 0.7916603
233120979 5.9630913
233169434 0.1757517
233193944 2.5055407
233195058 2.6793155
233205987 0.3640697
233208885 0.4937368
233211759 100.2057315
233233639 0.4403065
233282561 1.6027527
233390838 12.8955415
233460141 1.6279794
233531814 2.7040556
233532554 2.8312777
233546272 1.6591378
233558430 7.3221517
233569141 8.2329493
233574062 0.2995439
233576872 1.5178214
233635280 1.3742054
233650330 5.218655
233679640 4.3980286
233681149 8.5859279
233720276 2.1983907
233722938 10.7579446
233731070 1.1072299
233735068 7.6868682
233866651 0.0
233904049 0.3112479
233964642 17.9157671
234211934 1.0649345
234284556 1.1066197
234290005 6.3292638
234347951 23.3047751
234491752 0.8658398
234494090 1.9452414
234518605 5.6784598
234523599 3.7955235
234840976 2.4085455
234874474 1.3159894
234933888 6.911349
235000060 0.3577154
235000061 0.3577153
235009317 7.4572529
235073057 3.4891943
235385233 0.409656
235718636 1.1888538
235982927 0.847279
236046394 2.9962602
236313673 0.4954296
236327696 0.5888841
236338880 0.5308225
236387002 7.2009313
236445129 0.9690269
236537131 0.6311411
236714379 2.0359839
236884425 0.1939255
236973844 5.2980308
237069277 2.9003466
237105551 95.6494225
237114978 0.3240331
237116051 2.4629429
237117591 6.7966898
237130278 0.4130443
237200747 14.3034955
237234024 1.8959765
237277760 1.6820057
237290473 0.8324161
237332597 2.9274303
237342298 2.6920849
237915523 0.3322736
237944385 4.4250091
238162238 2.4374384
238196979 9.4228509
238197709 13.7256533
238229705 31.4722935
238626074 5.1580315
238742795 2.7989601
238872494 1.0589856
238892775 0.4826575
238896417 16.2442349
238896431 16.2461726
238917338 4.0758373
239004471 1.6042842
239022536 1.9311072
239052494 3.0814946
239104484 1.6252972
239187696 0.8143008
239262664 2.0214744
239290086 0.3681596
239291500 1.6130338
239309691 0.321014
239661117 0.38353
239673325 2.5408989
240122720 0.269378
240154683 4.0379616
240155327 6.1228947
240178198 1.3826032
240706234 0.2336936
240764987 1.0272832
240873079 0.8056326
240911239 0.4124257
240911922 12.0982702
240947891 2.4947746
240962482 4.4744608
241013310 2.1448943
241017747 2.3293971
241078868 0.6867663
241393039 0.3711218
241532550 2.0572216
241578867 0.3441001
242149417 1.8200771
242323067 2.0454899
242799145 5.0017653
242843658 4.9812382
242944454 0.4048724
242991317 3.9531584
243192504 2.2871298
243248327 1.2696081
243319567 0.4392638
243352373 0.3342969
243352809 0.5124522
243391162 1.5171517
243391171 1.5169916
243475355 1.0957854
243642384 1.7468124
243643549 1.7922626
243662768 1.628796
244163413 1.7880458
244207973 0.6140578
244208023 1.8227783
244250449 1.7460727
244252435 1.8871288
245527958 0.9415949
245863693 1.077403
245950209 0.9931781
246745789 1.5370723
247145147 12.9536819
247205466 1.1528047
248074315 15.7235135
248111238 4.6551796
248348545 0.1946039
248394273 0.1485855
248394276 0.1486144
248399337 0.4319151
248403190 1.5509572
248410138 0.8219642
249943198 0.798693
250195155 6.476398
250196734 7.7039539
250386181 1.4703473
250387838 6.8862416
250453538 1.6405828
251078096 0.5846354
251087387 3.0249036
251094451 0.3631136
251094451 0.3631129
251829135 0.2686421
251857120 0.5053431
251858265 1.0572148
252096958 1.1642311
252140076 1.7008985
252214164 20.9522022
252294709 7.8595623
252554485 9.9429873
252668569 0.4629094
252725557 0.3568422
252788517 5.0081903
252791409 17.9413714
252890740 3.9200195
252906811 4.5989011
252914221 19.5468227
252949892 0.2553831
253657883 0.7905225
253715855 1.1320096
253749178 1.8376667
253781040 0.2887024
253826623 18.3530326
253844234 1.182335
253922296 3.141546
253928535 2.249268
253929719 6.6868705
254003502 0.5914569
254039358 1.4956248
254045302 2.8888736
254258206 8.0168719
254298146 0.3879395
255319384 2.2965187
255350388 1.6905379
255513991 2.1983926
255548311 4.9638409
255565860 2.2059179
255567460 13.7963311
255586667 0.4064729
255587619 9.4274907
255682622 0.3215756
255700967 6.8512341
255744818 3.0472948
255802749 2.3977691
255806138 23.4251318
255904363 0.4190036
255907472 0.3370433
255908136 3.8258346
255921197 0.8892865
255993777 0.3085178
256298934 0.5225054
256327585 13.4947763
256352113 0.4680768
256368884 4.1991759
256512446 8.0561111
256516208 3.5725365
256640207 1.1833653
256640561 1.7202707
256775514 0.2976541
256865831 4.0605257
257002707 0.3770863
257060367 0.526485
257241363 5.5904852
257273424 0.3985663
257525627 0.4566193
257567854 3.5334303
257648522 2.6947299
257691369 85.8515645
257737073 1.330149
258108067 12.9687125
258177999 5.3968072
258271315 2.6436389
258314976 4.9662683
258351350 0.7729454
258389327 26.5478508
258519658 0.8877353
258773798 0.3364697
258777137 5.9294398
258826816 41.6423416
258837989 0.8870531
258839862 4.6539954
258918831 5.9856044
258918835 5.9864612
258923466 4.8741958
259006174 1.939628
259006185 1.9396542
259070502 11.2008349
259126549 14.7690385
259126645 3.261302
259373684 21.6867871
259470701 2.5430268
259543079 40.3040804
259589049 9.9682009
259671983 1.8737817
259675295 2.2322261
259701720 3.972003
259864042 0.4607861
259901124 0.4560838
259967623 4.5992459
260003467 2.6044827
260058315 1.5340805
260124760 1.0802768
260128333 14.6085828
260131665 1.6725346
260132330 17.2987798
260161144 2.2341666
260162199 0.2680682
260192157 4.3718388
260269456 10.7963546
260273161 17.7873771
260353841 0.4202732
260370454 0.7951027
260370473 0.7950522
260502102 7.3152083
260504147 8.4183061
260536927 5.729652
260541250 0.3359386
260609205 4.4617534
260659986 3.5700897
260703820 27.0977052
260708271 0.3588283
260756218 1.9563636
261089147 0.4616656
261105201 0.95557
261136311 8.8717027
261138857 1.8415276
261261490 113.0648644
261332760 5.6727335
261335113 8.1305944
261656371 7.1953094
261677352 1.1467472
261746657 1.3169859
262020326 3.2139293
262173985 1.1127725
262412046 2.0433617
262434790 0.3143965
262465161 0.9509325
262530873 2.240628
262605041 3.6663285
262614966 1.1545645
262696097 0.9112219
262758522 12.3237552
262958558 3.5360981
263035184 0.3033046
263074592 8.0693981
263078276 0.2840349
263078716 2.911017
263635510 1.7537727
263925187 0.6662304
263930790 1.1247811
263968694 1.5325047
264301570 4.9355505
264508409 0.9744478
264537668 4.0307037
264540478 2.5263921
264592553 4.5552015
264594193 2.2289026
264594607 0.8168185
264615805 0.1201045
264679887 13.785452
265015162 0.3278391
265139391 3.5872979
265274458 2.9979151
265353588 2.2270091
265435357 2.8775044
265489698 1.1554696
265579763 1.167942
265591866 2.2807588
265613590 4.8180133
265614546 5.137673
265767012 1.7435304
266220739 9.8668383
266394699 5.7755444
266735682 1.1352356
266769521 0.5361672
266769522 0.536159
266770712 0.7904541
266816672 0.3031493
266845051 1.4697047
266920154 4.7083128
266958963 2.3628171
266958963 2.3639261
266996791 2.1238668
267043786 0.5948355
267195931 4.3701553
267239205 0.8303664
267542728 39.7264662
267556582 5.3758893
267651492 0.8669407
267703012 1.3344937
267803830 3.3847696
267805178 1.4863702
267990226 3.2819533
268221892 1.7496593
268289462 3.5050448
268297677 0.8851284
268299560 8.7526476
268305489 1.2621621
268380299 8.4808361
268383780 2.618377
268387175 2.1639195
268404844 3.1609021
268482699 5.0841848
268529943 4.3035024
268610013 1.6796617
268652258 0.2564874
268686000 0.4454122
268686130 0.4667023
268766053 6.6196826
268772301 1.4214705
268944966 2.3911612
269031095 7.0094462
269077015 4.1437883
269078565 2.4555486
269126567 13.6752164
269238622 1.2216006
269342892 0.4488067
269347089 8.2596821
269411609 11.5591434
269450900 4.6501858
269505148 0.5224015
269562415 1.4545105
269609504 1.8589227
269696430 2.9787944
269696438 2.9789099
269697721 0.13717
269701147 8.8801324
269762258 1.3245939
269829384 1.2498031
269852699 5.136511
270166263 15.3125412
270204401 2.2381574
270219706 0.513098
270288280 0.3057097
270341486 7.4601658
270348090 2.8194632
270371961 2.3681891
270380593 3.8769908
270411008 17.3506499
270421262 4.9428087
270491862 0.4487965
270507305 1.2282336
270517432 33.8587708
270526513 39.4727069
270615728 0.9982151
270616815 3.0447351
270622440 2.44506
270622446 2.4450689
270648838 7.6353274
270665642 1.5745708
270698296 1.2193384
270700608 23.8710646
270704947 2.6598094
270742379 4.2905344
271013213 0.6195432
271040768 20.7353455
271040947 19.2308468
271058763 0.1854963
271158877 0.7862557
271164763 0.1257648
271225404 2.1194569
271241950 4.3080395
271529021 6.0684145
271529113 2.3373656
271547896 1.3325398
271548206 7.4487459
271550131 0.3549805
271596290 1.282475
271701447 1.6388205
271773721 21.5732146
271799457 1.9084725
271799672 0.3282683
271864083 1.1661516
271877841 4.0749389
271893367 5.8574622
271924412 4.1506128
271999940 0.5642229
272058503 3.7355485
272074664 10.4761388
272079818 0.4423686
272086869 3.9826984
272176884 0.4177289
272324340 0.4333571
272357134 4.1969492
272368236 5.3044546
272369124 27.8007538
272467271 1.3475265
272489100 1.7905209
272489351 5.800498
272532173 3.2739721
272539879 2.1420485
272598447 2.7770349
272609309 1.5592014
272622914 1.3156583
272650576 16.256743
272672133 3.4939021
272720444 14.1690365
272781956 1.6504237
272822330 4.5013345
272839425 0.3602724
272841995 0.4452789
272843045 4.8559205
272846131 0.5926691
272944291 1.4186942
273042299 1.5883099
273042650 6.1533649
273043307 3.5563519
273066197 33.4147254
273131564 7.8631235
273173532 1.5130931
273372402 2.2488952
273373040 0.8431663
273373712 3.4039084
273376048 12.5688999
273501820 1.6554549
273566363 2.4039943
273571987 0.7514777
273574141 1.0756491
273582296 28.021551
273583841 1.169539
273594336 2.0436414
273629437 3.1463303
273697554 11.8781034
273778807 1.1109005
273782052 2.5790678
273792220 1.9879087
273865522 0.788603
273872891 0.6606801
273874851 2.0451585
273885188 0.9427823
274039311 4.5541186
274039489 0.3052865
274088422 0.3414905
274129522 8.2093983
274238240 6.2062535
274347939 4.8534171
274348764 0.8320495
274509791 1.1988499
274575202 9.2035894
274601313 6.1334745
274602479 3.9538363
274645120 0.9009169
274676647 0.354332
274700641 1.1813646
274762761 1.0333694
274945059 17.3600805
275051466 4.7850357
275083922 2.9241644
275119073 0.7430297
275259749 4.4672314
275367529 2.5798079
275423476 2.9289407
275537496 0.8562521
275575030 1.045879
275576176 15.6440504
275658545 2.9846113
275697259 0.5792545
275860377 8.8470804
275911914 0.3856278
276105676 0.6586383
276119305 2.5784859
276162169 2.5500664
276252961 0.1558772
276315375 2.0486948
276458481 2.2544606
276836579 0.3814965
276914715 1.052049
276935987 4.2507272
276935996 4.2508447
277069829 2.0260091
277104322 0.2821634
277373390 1.1678694
277473207 2.5285319
277565268 1.0960589
277566482 49.3787693
277649549 14.4904608
277683130 6.1982348
277712294 2.892281
277848666 1.4276145
278068108 1.6259226
278075650 0.7603524
278076037 1.2337008
278289141 5.8672921
278296621 2.500483
278413303 1.842653
278678404 4.5662046
278683641 4.2418211
278706358 6.9025229
278784173 1.4948338
278822321 0.6391327
278826516 14.0836051
278826996 19.1689746
278829112 0.2457785
278861826 1.0676262
278866211 2.1940517
278895603 0.7409491
278956474 5.4880499
278988794 7.5923552
279081935 2.8568997
279087522 4.2407153
279089927 1.9059241
279097963 10.5242227
279156705 0.7228749
279181220 0.8232815
279186939 18.3557648
279202406 4.9216633
279204281 2.3741383
279217728 8.730563
279224984 1.0642167
279254042 0.5968517
279314488 1.8325567
279319810 7.4961062
279322914 18.8676842
279323519 4.0927845
279323859 1.0799812
279401848 0.3521565
279454212 11.761213
279462605 4.8024494
279481568 0.3165456
279484342 0.6322016
279509403 1.7402138
279537689 11.5527497
279569707 3.9794091
279569718 3.9794037
279605117 2.5779104
279615979 0.2407307
279640088 5.9268456
279692257 2.6168348
279741942 14.2160823
279855551 3.6873415
279871974 6.5619449
279918206 1.0837379
279949020 13.0987154
279955276 0.5768497
280033918 0.2787728
280033934 0.2787725
280052690 2.8504361
280055342 0.7865936
280095254 10.2930439
280097543 9.4596523
280110726 15.8896273
280206394 11.2366232
280278364 0.7938791
280321964 2.1733723
280564453 6.9149552
280626089 2.8054245
280667311 1.627885
280685089 3.385219
280738935 1.5132067
280794372 0.6877683
280909668 1.9379919
281114303 2.9657396
281341249 4.3811449
281486906 3.462772
281494100 2.3073972
281498280 0.7506328
281666783 8.5137427
281728276 0.2733184
281731203 11.6335179
281924357 15.0403573
281948821 0.1121159
282051803 2.4636031
282270717 2.7405123
282368998 0.5689828
282925798 2.4440191
283193372 12.0307122
283308831 3.0336765
283390331 1.7802353
283476365 2.6647007
283640314 5.5054613
283677584 1.8592369
283698250 1.0036573
283819432 0.2678155
283939331 3.5200155
284050381 1.3590618
284350181 18.8944038
284364590 1.2174657
284457791 2.3588246
284461108 0.3495299
284595199 3.4727638
284611896 16.3676063
284613090 11.5548386
284660677 1.5806939
284703623 0.3879463
284783117 11.243486
284863911 0.3427999
284891601 0.3102838
284892951 1.4609218
284909275 4.5972204
284925600 1.2457081
284990199 4.0937214
285019418 0.1366069
285161229 1.4976793
285181196 0.1926343
285233646 3.9994108
285339013 1.9163685
285392907 8.4647572
286031430 0.3170016
286036831 0.6319581
286169068 0.4146188
286169292 0.4404348
286191384 3.6118208
286310830 8.3685918
286310836 8.3748025
286338346 0.3732684
286355915 4.0760526
286358203 4.6699278
286380389 1.2752055
286396160 7.4284966
286566392 1.4467198
286900208 0.5399899
286917658 0.3216191
286923464 6.1351002
287085893 0.9350152
287095354 0.4789819
287151976 1.5709936
287174076 0.3247485
287175225 0.4859539
287196418 3.6950194
287234729 4.2904944
287321618 18.4363656
287328866 2.0767992
287351976 1.9219583
287669537 1.2950907
287841093 17.7032481
288027491 32.2082685
288296337 0.559184
288312840 0.7592418
288391801 0.3905846
288434140 2.710042
288434781 6.3345861
288471108 3.1325803
288507910 16.6954722
288735205 3.477984
288778712 0.4988917
288882010 2.5924356
288979840 1.5286973
289044378 24.8495338
289166536 0.4688123
289370888 0.8607976
289379110 1.9487604
289564387 0.9125527
289596375 7.2599752
289597948 5.5129009
289670788 1.9557549
289716926 0.5909092
289722957 2.2183026
289801742 1.3896275
289969374 0.2558883
290003896 1.4430769
290032774 0.5778514
290034099 0.5921833
290035575 0.9523769
290044434 1.0891498
290170195 0.2089138
290410988 0.2858823
290476605 5.7442589
290547036 0.9031481
291116020 14.4641037
291145873 3.2394062
291320884 0.3717522
291385340 15.7196245
291466214 7.0505819
291572619 1.4998328
291651765 0.8274292
292013448 4.3281368
292115251 3.4926302
292317374 9.3202138
292321872 8.6649282
292474331 0.3666917
292607284 4.1384108
293066086 0.4654317
293081694 1.2561019
293109489 1.2650517
293151358 2.3129764
293480903 7.5694596
293605127 0.1207862
293619461 0.310655
293689266 14.8104372
293689267 14.8056241
293844307 14.9430765
293954660 2.8136869
294059372 0.6667438
294092960 0.9022575
294092966 0.9022624
294191640 1.5939127
294197236 1.9345402
294200378 2.9855276
294206429 1.0550702
294206967 2.7580575
294261093 2.6583152
294273900 0.4722803
294327312 0.9185462
294396726 0.8995044
294601335 12.4588278
294784522 0.4956179
295111026 4.2633465
295121410 2.890365
295802147 1.6537537
295803225 6.5603139
295804815 1.528515
295885511 5.0547566
296012680 1.0867381
296084068 20.4812155
296184440 3.7441905
296449358 0.3351379
296672022 3.4668153
296780789 13.5773533
297647356 1.7656247
297701617 18.5478532
297899564 7.9717615
298008052 4.363359
298079609 0.495386
298183671 0.56787
298246821 0.3524517
298264838 3.2259045
298372701 1.6642684
298421458 1.4993827
298498697 0.1804254
298541138 0.7490567
298544913 2.1447041
298559217 0.3301871
298700310 0.7130761
298734307 0.9442714
298969838 10.1205584
299032481 0.7770872
299091036 0.9720554
299096773 7.407127
299135660 5.7698052
299156852 0.7450968
299160301 5.9369062
299199358 3.8400846
299443090 1.174586
299702740 1.4652035
299903137 18.3001229
299906906 1.536928
300104749 5.5777022
300141210 1.9272489
300161053 13.3068164
300293197 13.1176103
300324638 2.6413906
300443831 0.8474457
300446210 7.8658514
300560295 20.588776
300654002 2.7581426
300871545 4.8170762
300903537 5.8232216
300932479 3.5085343
300972613 0.7761167
301022235 1.8722211
301063488 7.3583242
301072091 7.9062585
301160638 16.0184397
301247295 4.2558821
301264684 9.3622535
301405723 0.9427072
301407485 2.6641343
301485937 10.6546526
301741193 6.8685665
301741204 6.6790284
301909087 2.2300403
301956407 1.8312572
301980639 4.7830501
302038263 1.5472603
302043038 16.7212031
302089933 13.4235454
302384263 6.7112322
302457456 0.9751629
302627455 0.4332015
302668828 5.5076989
302771290 1.1952389
302908037 0.4048561
302995864 1.2814346
303255899 2.2714636
303264387 1.7811271
303351921 5.8898076
303427297 4.2973723
303441920 0.9176657
303682287 2.1084547
303811839 6.9206307
303833577 0.278512
303843296 1.7117262
303909865 2.1266729
304071827 1.5916127
304101379 3.2143602
304458680 1.0387194
305167549 0.4528908
305386053 1.242012
305399324 6.1002225
305399325 6.1001972
305466425 3.2910538
305466446 6.5998431
305536347 0.5452216
305536358 0.5464738
305633328 2.5034441
305674644 0.3142173
305675525 0.2965474
305832152 1.5430462
306059878 11.7875453
306107122 7.759831
306130391 4.6452833
306263608 11.7973633
306272819 2.5461439
306362738 5.5634778
306410072 2.3620345
306576384 3.2146434
306578324 1.2947789
306580215 3.499005
306635088 17.0043351
306651396 2.7149973
306723230 2.5257948
306763456 1.8331199
306773020 1.3773899
306828113 0.4252819
306900161 3.5628965
306955469 11.9503667
306956190 9.8292587
306981513 2.770777
306987941 0.4710207
307016006 3.3066352
307040154 3.3649953
307084982 19.2686875
307085577 4.2812441
307216760 0.7340051
307304908 2.8278718
307379977 0.8362568
307433122 27.8513812
307435285 1.9585345
307488085 1.0045161
307488184 10.0668842
307490686 1.9587305
307610438 1.5623674
307734817 2.1080173
307783750 0.5644946
307907420 3.2985999
307927495 20.5564876
307990280 2.3159117
308015513 4.3257042
308018120 0.1905198
308050066 11.1755633
308076113 0.2635613
308085294 4.3329138
308091162 3.3545702
308184924 4.1284274
308225941 1.5194621
308307606 4.8400269
308404140 2.3758614
308451526 0.7896583
308457026 0.6439002
308751185 1.3616205
308828048 1.0692161
308851582 4.9124269
308991822 8.2243833
309146836 5.4279442
309257814 1.2383848
309350921 4.982654
309402205 0.7444099
309434176 3.8187935
309528896 1.8956622
309598681 0.8485798
309600985 11.7618228
309619055 10.5509286
309627556 1.7366624
309658221 7.5949887
309659126 0.2482701
309720946 4.6071355
309791156 19.5716486
309792357 314.6167372
309809572 0.3268057
309828087 2.5149574
309908721 2.8338351
310004006 0.6450414
310169616 0.4116638
310170268 8.3173515
310170498 0.3222297
310308203 2.694234
310516902 1.6136022
310519261 0.3188151
310556491 1.5553632
310785613 6.4549258
310897084 0.8191055
310994603 1.1611667
311035838 5.7994855
311062274 8.1900688
311070085 2.3897097
311103813 0.5278588
311128363 3.38741
311183180 13.2498121
311188656 2.3947368
311236477 3.1325011
311431771 0.3473144
311925584 3.64597
311945765 0.4979736
312060302 0.9804999
312102715 0.9936833
312111256 1.1518696
312160410 0.3023308
312230566 1.9506652
312286761 0.5099985
312353805 4.9518994
312471472 1.5519276
312486827 3.8341504
312862941 1.8294976
312865025 2.7349626
312907176 0.7579494
313025849 0.3209361
313028417 8.0259764
313142195 1.4614588
313193981 50.8632251
313294818 1.2988199
313506357 3.0757557
313934040 3.1467896
314294022 0.6222627
314340550 3.3539505
314459000 0.8578359
314527844 2.9479377
314702305 2.929962
314826949 2.0377413
315002523 3.3023722
315060984 1.095509
315120782 0.9337639
315287999 1.7504712
315777423 4.9319438
315810194 0.5433678
315937374 0.6057959
316182273 11.2219952
316207527 3.0131225
316249183 8.0585308
316250867 0.6851096
316317026 3.5507697
316333039 0.8252373
316450573 2.4688767
316582319 1.4372009
316633520 4.6419811
316660881 1.2506842
316769815 1.712204
316783284 3.0442237
316916655 2.8747759
316918055 0.8084718
317015040 19.847796
317191077 2.1917865
317330474 12.2076544
317411334 2.8973082
317470793 0.4174331
317507345 3.9400619
317642317 1.3872943
317674257 3.0569931
317681251 3.8722646
317839169 4.6688711
318067171 2.1805537
318185328 0.3683055
318210930 0.2277127
318210930 0.2277167
318217844 1.2222939
318230704 3.5553166
318290913 15.021469
318357083 3.2440114
318512022 4.8242518
318573150 5.7404517
318649597 0.926883
318825030 5.1848468
318868129 0.3751679
318868368 1.8456244
318887874 2.9746798
318937509 1.0505729
318966048 0.2306676
318986273 3.1070197
319011894 8.2909378
319291434 0.3512605
319467578 2.3650004
319558164 8.9798845
319606464 1.4960875
319863494 5.135475
319936228 9.6464394
319936861 2.090676
320054835 5.8991823
320173862 0.1980963
320228013 6.8002103
320264006 9.2758197
320268279 0.4507372
320323992 0.2428955
320333641 4.6706765
320524751 8.9522212
320536498 0.4106313
320855910 2.7546793
320913313 5.4687886
320947341 1.033452
321312438 1.1847683
321455348 7.6818847
321857016 6.9561293
321864797 13.2351885
321947833 5.4212965
322055767 0.3775009
322078735 0.7316135
322129367 2.7192976
322262620 4.42779
322347559 0.4800216
322390461 0.3868962
322493523 1.5323477
322512913 0.4588608
322549898 1.7944602
322650462 0.9792734
322732889 2.9114714
322845246 3.6027672
322900369 6.2516338
323020176 11.9758852
323143096 8.4393269
323255579 0.8611959
323292655 1.6698839
323295967 0.424537
323301918 10.6909404
323442776 1.1493927
323727556 4.0073128
323968843 2.6995287
324596129 2.3469244
324675819 3.3029374
325205605 4.2484918
325412896 0.7386687
325564366 0.8886966
325901255 3.0747273
326149070 1.9514945
326242641 0.1824645
326356701 1.1121569
326374705 5.4051507
326630342 1.4734376
326812358 5.6758097
326815804 1.0428095
327121759 2.9898655
327121928 7.0465247
327259175 2.1740913
327583823 1.8125835
327668243 3.0797938
327785134 2.4786897
327850372 3.2769861
327996089 2.1739308
328350926 1.6981403
328860378 2.167742
328862783 10.1307743
328866871 1.6963664
329118239 0.5633637
329246824 0.5876813
329248002 3.108905
329277372 2.8878569
329289186 0.5525069
329770815 3.8703001
329864959 9.045662
330234754 2.7531605
330753460 0.3794957
330829235 1.0117969
330847328 13.2390279
330998582 5.2586207
331069412 12.9460797
331183881 4.283982
331201939 0.5545263
331221558 1.6046597
331377569 0.4542885
331532483 5.0742671
331860062 6.6022112
331947033 3.027673
332064670 0.7363201
332079835 6.9564269
332202405 4.7492496
332277332 0.1966711
332334202 8.6714114
332488398 2.0835732
332517282 0.402493
332600127 0.560476
332607409 13.0509244
332910947 0.914434
332910986 0.643465
333057755 1.6609344
333127661 7.8942715
333247721 4.1739304
333473672 13.0049593
333620087 0.3793248
333642126 9.6532269
333868181 15.6154549
334886280 12.0007398
335265326 3.8084529
335484090 7.4987563
335499997 0.4328032
335564109 4.3894303
335720078 0.3779939
335995445 4.1735463
336208030 0.5776499
336267424 1.4821917
336296852 1.6089124
336405638 7.3251549
336434532 7.7753455
336485975 0.318923
336767770 0.9398177
336778418 0.693403
336823975 4.6642856
336931938 0.379872
337094559 1.7808158
337370789 0.8380236
337470211 1.3238004
337544122 4.7077619
337886863 5.6924883
338071673 3.3784202
338104678 1.4466495
338159479 1.4143483
338465029 1.1981517
339185356 5.2903608
339540793 3.7739942
339566276 4.2403186
339568213 5.8232942
339607421 2.4382283
339666028 1.0070898
339752629 0.397421
340100436 2.9382126
340110295 1.6544428
340135575 0.582766
340704073 0.3136675
340782794 0.3799152
341029467 13.2085964
341193555 9.7242239
341258182 4.4899092
341309569 7.3465817
341327281 4.3183028
341525754 0.1567088
341550561 1.1057183
341679932 1.7099865
341983711 2.5152406
342010156 7.9605275
342025025 0.4650738
342332827 4.2304675
342334344 0.9013952
342694097 4.3433237
342782002 1.0971318
343127696 4.6721493
343285974 16.0457664
343320735 96.2626719
343326909 1.4075811
343549114 6.3552415
343553606 0.8050707
343661464 1.0554091
343667351 1.5422069
343757299 5.8192347
344031627 4.0184211
344175457 3.9251811
344376832 1.2358008
344456744 1.2523912
345170707 4.0571153
345324572 5.1572434
345451479 0.4430221
345482340 0.36507
345535359 0.4247954
345710962 2.0865938
345835653 0.9242404
345899523 6.7185621
346073081 0.6958249
346338553 4.465494
346429188 0.3311382
346541355 8.1611554
346599599 1.5022776
346627403 3.0097297
346783960 2.8661541
346934659 4.3335584
347130362 11.5941268
347329162 4.6169803
347448707 2.1996271
347506869 10.3149658
347545020 2.7807107
347545091 4.3938962
347552724 0.5360809
347752831 2.164663
347809861 1.811452
348021286 6.5904241
348517784 2.1108714
348538431 0.899466
348555861 2.1609242
348670544 5.3638852
348717439 0.4794003
348759510 3.7161348
348759511 3.7160694
348762908 2.0442294
348770361 2.7684404
348897766 0.4420565
349059354 1.6646631
349154435 4.4321625
349156098 1.2014857
349294422 0.310388
349308842 3.5827778
349444267 7.4562521
349480507 1.5620192
349480752 77.7343273
349483495 1.9978092
349484636 0.3719685
349518145 8.2798747
349519544 18.7537886
349521875 37.4100847
349642881 1.4735083
349643889 26.6794629
349762699 31.3956354
349763482 15.6295651
349790953 1.5520821
349797905 3.545013
349832824 1.0407309
349835367 3.3408227
349907707 5.1331502
349911034 0.5384816
349970685 1.2567058
350025490 0.6268532
350030939 1.2209606
350131674 2.6454301
350132371 1.0318392
350141132 4.6089439
350190639 1.8672567
350297040 10.8739196
350298314 47.7191149
350443417 1.2167214
350445771 3.1904288
350478924 0.4370846
350479101 11.9168906
350480660 4.4638235
350518984 23.9165758
350618622 52.9784542
350622185 1.1685719
350716073 0.3931603
350738423 2.6160305
350743714 7.7575749
350954272 3.3239802
350987976 1.2975694
351287412 10.1335397
351297515 3.1462184
351336681 5.4182627
352012002 0.6671181
352077081 2.5210242
352110251 6.0616439
352165018 4.9045156
352378412 0.6760259
352718668 1.0560424
352762746 3.1422228
352915304 3.4938605
352940699 0.3650807
352951628 0.707084
352954787 0.7385986
352964170 2.4004738
352979549 1.1619751
353077789 1.8390292
353129911 2.9718172
353565609 0.3804039
353650675 1.2461864
353854078 5.16969
353863850 2.1291808
353871287 3.1756886
353894978 3.3418257
353939279 4.527293
353962058 1.1516198
354023414 1.3532158
354119540 1.7634653
354246759 7.1196088
354385277 2.9459841
354437781 1.308885
354518617 9.4357683
354535363 1.7996637
354926863 1.4366316
355010562 3.2542737
355151781 1.5807272
355152640 22.1189597
355152971 8.0760327
355357949 1.4604273
355544723 0.1545267
355601117 4.1519578
355601553 0.4299469
355635441 0.392583
355651035 0.5842278
355703913 2.1061527
355792204 1.1729557
355978205 0.89109
356001283 0.2687247
356015357 11.2594893
356015361 11.2599309
356064345 4.1513337
356150515 0.6121521
356192212 0.7273306
356198153 0.4681811
356199330 0.3466258
356240274 2.3475876
356340346 23.8543071
356473029 2.6153632
356524567 1.153964
356630364 0.5567699
356641568 11.4947793
356701798 1.0725533
356820646 0.7943807
356896550 1.9013188
356896561 2.2533509
356974629 1.9385441
356974639 1.9386036
356978132 60.1840812
357040925 0.5140399
357111084 0.2528995
357133493 4.3438508
357345626 3.6436594
357358259 2.4961588
357372327 0.4205147
357398957 0.4777678
357398958 0.4777631
357512000 0.8797054
357662316 3.6126873
357685999 0.9368597
357713892 7.1001327
357719182 2.6225919
357744369 0.4843678
357911163 4.7818281
357979050 2.3466216
358018612 2.3328912
358022169 0.1516228
358049707 0.9131123
358108063 5.9716437
358111274 43.8434276
358232450 1.6697714
358335586 1.2212853
358457398 2.2756668
358465355 0.5706513
358517121 10.5497757
358613523 1.3283366
358908226 1.0005991
359042174 3.3954348
359132040 11.072083
359188252 8.0473797
359308549 1.2227943
359390362 4.7256503
359497418 6.3320719
359552377 3.4390835
359588615 4.804392
359618989 1.8746789
359631418 1.3761485
359675849 3.6771119
359676320 0.4975785
359677968 0.617472
359767082 3.0692448
359987981 1.0655783
360205899 0.4285519
360571125 2.4624055
360661624 10.9804655
360824561 1.4952488
361388647 0.9815337
361993750 1.5991689
362043085 6.8615943
362103921 10.0954209
362104293 28.9620253
362187226 0.7939721
362259855 0.8847618
362791996 4.0629365
363149298 3.1756342
363326796 11.3956206
363847487 2.4012395
363885457 0.3517662
363933313 4.6866172
364107753 7.7739061
364120439 9.3202772
364186087 2.4523555
364186197 4.4245701
364200513 7.671829
364302118 1.3453456
364325969 0.4198945
364392434 1.721769
364395234 1.3757531
364398410 1.5874946
364628248 1.9195885
364964726 2.0604317
364965655 0.2642641
365034219 0.3777057
365059891 14.8991013
365069916 6.3138363
365070128 7.2527315
365070861 0.3776547
365089053 0.7755622
365198355 0.55875
365203184 5.2611036
365301387 0.2753563
365366508 1.9645947
365570620 0.8583147
365613123 0.4849286
365663227 13.7364979
365694569 9.034968
365717153 11.9094253
365787759 0.8073952
365936982 5.221787
365956683 5.7311592
365962806 2.1613279
366072761 7.6596081
366517337 1.6886433
366517381 0.5446193
366557556 0.4487763
366622912 3.1149197
366786599 1.1317802
366972961 2.5127197
367106469 1.4228472
367448265 1.8654176
367681735 0.2567958
367683204 0.2206848
367691816 2.0201928
368180294 1.247223
368319105 2.7745752
368334916 23.5141059
368452480 0.5495789
368779536 3.9570861
369218857 0.3275155
369283035 9.5348094
369334982 6.952103
369362290 2.1123879
369370898 1.7104489
369506001 4.1529469
369586828 0.0820144
369639876 0.2894613
369988687 2.406082
370085638 10.7713548
370101325 0.5090886
370101492 1.6318813
370134610 14.4888418
370676773 1.7986396
370678161 7.5556123
370960295 1.0940821
371066950 0.6312793
371108287 0.8686293
371165722 2.2499775
371480725 1.4716278
371706494 13.3260359
371738956 0.2687508
371839073 3.7959422
371989318 3.8191478
371991062 8.9060154
372366518 0.5586036
372758722 1.9780973
372759279 1.2383845
372816629 0.909088
372909935 3.6111184
373128383 2.0868325
373328406 6.896544
373364179 3.7476127
373414766 0.6851178
373693175 1.3275163
373702832 4.0339349
373844472 1.8391274
373915220 6.4706807
373932701 5.9503545
374265995 0.3318931
374366829 5.6234927
374447935 15.5144882
374828411 0.2828824
374859582 1.3049652
375160191 0.790414
375422201 4.0768471
375422201 4.075987
375477302 3.0728583
375506058 2.6501668
375599392 4.600865
375853985 2.3337045
375854079 27.3289296
376023519 0.3643775
376067182 3.1777595
376162807 5.1002498
376339249 6.2768689
376499580 2.8747738
376524552 3.713301
376593757 0.4779766
376595143 6.6764774
376606423 0.8545939
376689171 0.5210691
376891083 2.1417938
376891085 2.1417938
376915487 2.5395591
376923942 9.3354434
376963666 1.2490919
376971463 1.1374875
377055044 1.4956561
377060843 20.9321754
377190161 3.7863949
377192658 1.817236
377192659 1.8172398
377192675 1.8183809
377251803 0.5713695
377253090 0.4245313
377278259 2.5221183
377296926 0.4313879
377307592 1.1928601
377325711 12.9973471
377390037 1.8044896
377506471 1.7747462
377611329 0.921582
377912676 5.2150825
378042585 3.261067
378089068 3.8996152
378275454 7.6560697
378395625 2.560754
378885645 4.2261769
379215982 6.772373
379376585 4.5407451
379631121 16.2097023
379783522 2.4500945
379806358 0.4307893
379865347 0.9328606
380117288 1.4177203
380127556 0.4510887
380298140 1.7943809
380618779 1.8120745
380618882 6.4702019
380645083 4.3886488
380659334 0.3494674
380783252 9.9653085
380784511 1.0138363
380822025 8.480957
381009148 8.4266413
381011161 1.3125371
381167995 0.8242596
381854774 1.6445293
381856446 1.7690585
381857817 0.7024238
381948745 1.5957514
381979901 3.2541357
382028425 8.846201
382067804 26.1313581
382069435 5.4878834
382069441 5.4786639
382188882 4.8000945
382266319 0.3442883
382308684 9.0737123
382312052 0.7972678
382323697 7.7742733
382391899 1.9550953
382425148 0.3650911
382474101 2.6519924
382512330 0.8911385
382517745 10.4410548
382631664 0.3324723
383427491 5.8005723
383676981 2.0037757
383722507 0.533588
383858742 0.3211244
384031569 20.8219638
384534266 0.9877761
384654908 4.4531601
384742846 6.356936
384812248 3.3653644
385105755 0.8494102
385231167 2.3675168
386166904 12.3556695
386262459 2.6672303
386431674 17.4804458
386437695 3.5744215
386956587 0.4392298
387107961 2.7146603
387178621 8.1871258
387259626 3.6233194
387261279 8.4403624
387356770 3.4765463
387463207 0.3799213
387513120 0.3036332
387513384 0.2974686
387544749 2.8196171
387562256 5.1861841
387586260 0.880467
387834907 12.6526261
387901176 3.7155912
388086679 5.5922027
388128308 1.1939728
388129029 0.2972816
388179896 0.3098493
388196465 1.7427351
388203226 0.8139276
388244501 2.1187553
388245308 0.3546867
388431706 3.4567713
388431711 3.7538106
388436487 1.5491348
388529207 7.3747688
388602832 1.4790633
388705796 0.5162611
388843945 2.209582
388940613 0.4525991
389070884 8.5425301
389476160 1.6287089
389510663 3.2082555
389525208 6.7444284
389658055 0.3283473
389667572 6.3711019
389669796 8.4770958
389726435 2.0861822
389728831 0.260882
389754101 3.8034403
389754103 3.8034748
389761749 4.1720461
389916225 0.550877
390021728 0.3020324
390408482 2.9268983
390549095 1.8695387
390554357 3.6473992
390632932 0.3737141
390651552 1.467189
390661644 5.0860805
390996644 1.919436
391051349 6.0038847
391550834 3.6056426
391643922 17.7969142
391663438 0.1994027
391902612 4.5521502
391906858 1.1471897
391927558 0.5429778
392068173 2.7895942
392113518 4.3636178
392536805 8.4097582
392536812 0.5909951
392909786 0.2038337
392963260 12.4176103
393344055 1.509342
393414358 8.7561839
393491149 0.5543533
393639812 1.7381397
393672471 1.3114508
393803650 6.7674706
393819751 2.0517787
393837491 8.573822
393894013 0.8158802
393943031 0.4497978
393978805 0.4217724
394006752 0.4548849
394099697 0.7652936
394131772 0.8190913
394179202 7.4241532
394179296 0.7309274
394230860 28.9649092
394272819 2.9881577
394340319 3.0375069
394452884 0.3026648
394508465 5.4021729
394585218 3.9642829
394596952 0.2838156
394657039 3.7628528
394657952 0.8723736
394699148 0.4124419
394728064 42.6178946
394881270 4.8312879
395429348 1.6513533
395459736 3.6081353
396004353 0.1315314
396059992 9.1022293
396134795 2.5885417
396170777 6.5656577
396201681 7.0384034
396215041 2.830784
396235258 2.6760858
396300606 4.2923404
396339551 0.2515667
396486931 1.0237881
396573191 2.4941662
396615018 1.6312488
396655059 7.9771837
396713719 2.0818251
396720998 32.2683241
396721448 29.4183827
396740648 3.7704481
396902326 15.9243623
396903513 3.1686041
396934949 0.3774342
396953669 0.3327633
396954096 0.3026573
397048159 1.6054836
397100292 5.0355131
397184624 0.5930529
397361078 2.2077215
397679167 3.2490525
398221405 2.1089351
398363472 3.0580323
398673007 0.5432684
398763011 9.3189094
398850090 13.1813342
399144800 27.2154167
399181042 3.1442913
399253092 8.7212403
399421408 2.0455544
399423563 0.8841726
399577123 0.3119793
399587190 0.5642709
399664959 2.07753
399729481 0.803801
399737080 0.9106007
399788405 0.4304368
399814051 1.102438
399822840 1.0025595
399832376 13.4347078
399860444 4.9411561
399864405 2.6188571
400445441 1.0976885
400525177 1.8716307
400621146 1.6514433
400940488 13.6407327
401227592 1.3990757
401309413 7.9537224
401606923 13.9175979
401626459 1.5129236
401869914 2.6082825
401889117 6.5862074
401925979 0.4801571
401926767 13.6020534
401928563 0.3625976
401946845 0.4907309
402065927 0.6314729
402107145 0.2923328
402112785 10.9407277
402130407 0.2991373
402319281 0.309847
402324760 0.3614124
402339590 6.6262203
402447670 4.3536788
402918060 2.5622873
402918064 1.2811614
403037785 1.3573219
403136932 0.3028548
403153647 5.3377447
403757320 1.0025046
404103665 4.9806174
404113676 45.8896573
404123632 3.3655398
404144841 0.4477342
404156386 2.3444525
404460906 0.5866367
404477044 3.5517039
404804908 4.4140873
404854539 0.3622144
404927661 18.5362828
405034090 0.7295017
405177882 13.7148969
405387285 0.9879181
405391996 1.2854909
405504882 3.8283802
405526704 4.9948694
405533713 0.2799592
405543959 0.3935661
405685992 9.5741104
405687343 0.5330735
405764176 0.3701756
406238813 29.2303053
406276109 7.5470488
406336313 2.033021
406421379 2.0250078
406631696 1.5120523
406681360 4.9015088
406758816 3.0633368
406781370 0.8966773
406798603 0.9063451
406947878 1.2313642
406951407 0.3618184
407000096 2.2745951
407067592 7.7718804
407147727 0.5996011
407165509 1.4712922
407515765 1.2203942
407584737 5.6505968
407594410 3.8168919
407661994 25.1117023
407823917 10.6152073
407824089 17.9447363
408068720 0.5797644
408256672 0.2548968
408310006 5.4435063
408351795 3.6761526
408351887 1.0731803
408474216 1.9319221
408512382 4.0317118
408552008 0.5234448
408618999 7.0751201
408651394 2.0481308
408651399 2.048089
408937625 4.064631
409056401 5.0056136
409319605 1.1359601
409343223 5.1106354
409455615 3.2192142
409469477 0.6805034
409523757 3.7275273
409527600 1.1483467
409900613 2.2063796
409934687 5.8727135
409942986 0.559258
410154584 2.4969908
410187905 0.953676
410245402 3.0005282
410276444 1.0166611
410299018 0.3558795
410354930 2.5994436
410359089 0.752322
410392940 0.3628327
410418820 8.569526
410477617 7.0292201
410522328 1.4957895
410578942 5.9026635
410620593 1.9170458
410654298 19.9520732
411712609 0.2902786
412063998 0.3265817
412638697 0.9859108
412941718 0.858977
412942849 0.1903048
413024324 1.1511769
413162396 2.6729633
413248763 3.9305684
413376180 2.7088407
413395842 0.8970932
413738130 2.2008699
413746112 1.0242898
414019028 8.7183021
414579577 2.0794196
414807623 2.1191162
415165528 3.6099001
415345299 3.1869225
415434817 1.6622143
415469752 42.6305665
415528958 11.0423645
415783540 0.4337532
415873588 3.4913476
415969184 0.9475646
416024040 0.6553237
416264037 1.159962
416635004 19.406274
416947584 0.5556918
417052182 0.3134128
417118871 0.2822315
417126296 10.0364773
417175621 3.3327249
417277789 6.0104709
417436387 1.9623359
417497545 4.7586296
417585921 4.9419625
417705690 2.3636513
417728463 0.9557966
417728778 3.4313492
417734853 11.4462212
417765877 1.2113146
417885833 4.1165062
418221292 3.3955461
418244848 3.4572043
418257102 0.4188147
418292424 3.3637583
418295363 1.0468808
418527327 2.0457806
418532689 0.3803666
418720347 1.8038465
418998975 0.2769786
419635446 0.3908187
419744996 7.0049837
419994778 0.4306794
420114772 3.2350644
420114776 3.2350874
420116962 1.9831998
420137341 0.3758511
420448703 1.1733724
420500461 2.4787678
420574964 19.6690093
420581415 1.3157195
420645952 1.8465162
420757505 4.1659314
420947520 1.8045544
420962954 0.9970006
421110675 0.3188568
421191260 2.6857639
421285598 2.3581131
421334320 17.805892
421361060 1.0289448
421714420 41.1246562
421718004 4.4465728
421782795 6.6729899
422038373 8.222261
422246362 2.4231935
422251657 3.9300333
422252417 0.4932207
422327572 0.4095596
422332463 0.423449
422844353 13.2693897
422914426 0.5494178
422920321 30.8138387
423220124 1.5051152
423275733 2.0521769
423279462 3.0724445
423358373 0.4282947
423363853 8.8298231
423387084 0.7408448
423439467 3.4172794
423524230 2.5814001
423530755 4.6843069
423833748 0.4269438
423987361 5.5332324
424008045 1.1836626
424439457 11.5549155
424461577 0.7448233
424508303 2.0833359
424719589 7.6407457
424723563 0.3697875
424796997 13.8773593
424992973 6.9253457
425064757 0.2615397
425077106 2.2322162
425166925 5.7282944
425172025 3.2690037
425206121 4.611214
425223388 3.6218864
425549135 5.0206961
425594181 8.6904726
425675208 3.4083681
425864141 0.2183845
426389397 3.5092612
426422372 14.3094876
426541180 4.6975343
426588729 2.4258551
426803687 1.4749376
427041696 4.0051767
427063387 3.6732282
427147238 4.2262696
427240420 1.3884254
427312571 6.0662821
427348923 9.4570322
427385758 4.9085288
427394772 6.4707838
427398881 13.5495751
427654774 10.4528177
427767269 6.5600242
428003183 0.7425756
428102518 10.9206219
428186617 0.7516098
428249301 2.7038918
428257299 0.6389826
428444188 0.9732728
428534573 0.3765313
428735978 2.7145369
428767557 2.5287279
428784674 2.3867818
428795527 1.3737496
428942240 1.0521955
428962300 2.9416515
428981401 16.7779298
429021446 0.1943339
429044383 2.3724472
429251781 3.709533
430263572 1.2482139
430530755 0.5181558
430677414 0.934925
430808126 6.4794593
430846854 1.3601153
431124333 1.880653
431159508 11.0674407
431338625 0.6000513
431423983 8.4751232
431486590 3.158618
431555426 1.7786393
431633352 0.592456
432168104 2.5528847
432549364 1.2175103
432610098 3.5615086
432761331 0.359619
433277449 6.2020381
433977629 6.5596851
434097226 0.4455874
434106760 0.2806312
434214393 3.4597964
434395855 5.8217521
434437489 1.8519706
434479378 1.5663355
434515577 0.3166313
434625997 2.0583075
434664688 16.8578433
434723918 16.2056892
434893323 1.3645751
435715608 2.3886147
435863262 3.6576008
435936714 2.3409375
436103335 7.7042854
436158814 7.2148954
436168322 1.5520028
436243444 1.3584399
436592342 4.4219884
436660156 0.4150278
436802660 1.5378205
436863045 8.803258
436869712 1.4937971
436873913 1.9779044
437212966 3.1313903
437230910 0.380517
437241830 0.9442651
437242640 8.6353794
437248515 3.4058842
437297176 4.3960301
437322147 10.6151213
438071843 5.2415016
438212183 3.800239
438490744 1.666112
438682877 0.921935
438790187 2.0919391
438790188 2.0947894
438942374 1.709134
439366537 8.6289386
439458951 0.3111498
439519959 2.4468506
439943228 10.5156732
440003271 2.6394345
440051305 0.3296757
440459327 0.3022254
440657189 0.2601454
440666925 0.1463486
440676745 14.9768053
440777904 3.3565037
440788366 1.5482769
440796977 0.7820745
441026718 10.3500328
441105436 0.3688966
441128066 0.4407791
441183795 0.6338895
441387582 2.5479524
441406061 3.0182392
441422220 3.700142
441422527 2.9362612
441464221 11.475145
441567967 4.8224338
441602378 1.2745998
441608578 1.1157777
441613385 0.2082523
441641972 5.1251466
441687696 2.2263682
441690583 5.6463928
441694629 7.3299868
441732151 2.0998863
441734144 0.3254052
441739153 3.2100707
441764197 0.2728818
441794509 14.9398487
441794509 14.8174987
441804674 4.2699202
441804888 2.7375021
441806350 0.5041297
441808796 15.4713374
442567883 0.6258737
442829369 3.8623246
442918617 1.6642507
443055162 8.1675395
443117794 6.2939598
443171652 6.627653
443174527 9.4252907
443494351 0.5158002
443494454 3.575533
443969553 2.4541385
444062991 1.3176742
444801274 4.9330363
444827931 6.3991197
445067946 0.4084367
445069009 0.559779
445074203 4.3690689
445133704 0.3239555
445181450 5.962343
445287089 1.2737135
445646082 2.7260256
445715549 0.6409436
445829772 0.205193
445836238 2.0007797
445879719 5.1167271
445882146 3.7526702
445921773 2.4309689
445924091 0.4639754
445932196 0.5654404
446127290 0.3336468
446175401 0.3641392
446832107 6.1945476
446872386 13.0812872
447493530 3.3007849
448727889 4.3914487
448852739 1.1746333
448913059 0.3677722
449351034 2.1862334
449650980 1.2783847
450089997 2.4617875
450104319 1.5105708
450109281 10.8901816
450276745 1.266478
450637853 0.4971263
450798369 1.1585309
450918869 4.2247759
451112995 9.3056453
451211626 2.4525335
451282261 1.3330077
451960523 2.4461201
452172479 0.738522
452406965 0.255532
452500843 8.4502808
452544997 2.2452871
452563490 4.4276236
452575636 2.0422585
452631268 22.122466
452734608 1.9944549
452786194 1.0198892
452845139 3.3488261
452895993 3.3374515
452955107 0.3879922
453012065 13.3886087
453059861 0.7720541
453095485 0.3082996
453097744 1.0572138
453152562 16.033289
453426326 14.3924107
453431591 1.0098978
453784977 0.4097216
453785266 5.4400952
453828065 9.138309
453828066 9.1345195
453831755 20.2077121
454013359 5.147686
454058066 6.4562843
454190342 0.3326118
454222105 0.6327929
454855280 7.9612445
455064763 0.2957064
455153566 0.5997514
455178154 8.2894768
455206965 0.0962362
455463415 5.852051
455509774 3.9034251
455732776 1.3850806
455755453 3.3464127
455769191 4.5426236
455790537 0.9350886
455824124 12.9149294
455947620 1.9277589
455991789 9.1764269
456033358 12.0570484
456130400 0.3517059
456260074 16.6532886
456260162 1.4823328
456263109 0.771336
456307422 2.6121503
456517808 0.8765077
456609929 4.5671749
456905229 1.6928824
457127187 6.8535197
457139088 3.3255111
457172621 0.4518857
457173024 0.7989162
457427613 1.2228117
458199516 3.0172063
458259927 4.5840432
458387660 3.9644119
458461293 1.806496
458474559 1.3905824
458478250 2.2552934
458479571 36.6022571
458481461 2.8067683
458490358 0.380675
458808688 1.3509634
458842028 7.7124689
458847254 2.6060503
458859193 1.149914
458859364 2.2997312
458875828 2.3110325
459173473 0.9850258
459190726 4.108026
459252372 1.3054555
459278502 15.8522773
459293335 1.2092164
459758530 9.8377035
459789367 0.6873525
459809633 0.5094438
459894730 12.1115509
459971813 0.376723
460820330 5.0739877
461271719 3.8127029
461318755 1.1404707
461579405 13.9182101
461660512 1.1662118
461662295 20.5400465
461662516 0.3732551
461713146 4.9792349
462267926 10.9399897
462785373 31.8437697
464422047 2.7484161
464772659 9.7376099
464806209 18.9528711
464838153 3.8729188
465088681 12.0413734
466323338 21.3389511
467062613 1.516281
467113954 7.5681699
467167691 0.359403
467181063 15.5194227
467187065 0.0641622
467238286 3.4143331
467294853 1.0881088
467354611 13.9142034
467574373 1.0768276
467722869 9.481646
468162834 2.617318
468293391 0.3174147
468343249 0.3716205
468754960 14.4982881
468792279 3.7815761
468827257 17.8706449
468887783 4.5294335
468948126 2.3064104
468958374 1.5351063
468958384 1.5351684
468997317 3.7500535
469441650 1.6835965
469460566 0.7612417
469857617 1.6304856
469863969 2.6897486
469924870 3.0725582
469970988 1.3520399
469979014 1.1625978
470085533 4.7201558
470124714 5.5193943
470152814 24.544836
470208013 5.5430262
470275219 0.2707743
470283916 0.7934618
470314334 1.474674
470358759 19.2083565
470391356 5.0255956
470444880 0.7732767
470677450 4.4931565
470710327 0.5523474
470937126 1.0005506
470966839 3.1457956
470975994 3.9596193
471013508 1.1625863
471013547 3.5404318
600037491 2.0714015
601366244 4.7185238
611402948 0.0933697
641169122 1.8234946
661540044 0.461292
664915372 2.9716118
722865779 11.863559
742037143 0.1872909
802015620 0.5090537
1102093577 0.2678155
1400770435 13.7432308
1551345500 47.3858687
1713419350 0.1296923
1883519478 7.6407461
1957912171 0.1185566
1981434198 0.3062443
1981621672 0.2783084
1992266045 6.6177363
2003333263 0.220418
2046417955 0.2358838
